[0, 1, 0, 
	1, 2, 1, 0, 0, 0,
		0, 0, 
			208, 7, 0, 0, 244, 1, 
			0, 0, 0, 0, 0, 0, 
			0, 0, 0, 0, 0, 0, 
			112, 58, 15, 0, 0, 0, 
			60, 0, 0, 0, 0, 
		1, 3, 60, 0, 0, 0,
			0, 1, 
				208, 7, 0, 0, 244, 1,
				0, 0, 0, 0, 0, 0, 
				0, 0, 0, 0, 0, 0, 
				96, 109, 0, 0, 0, 0, 
				1, 0, 0, 0, 0,
			0, 2, 
				20, 20, 0, 0, 208, 7, 
				0, 0, 0, 0, 0, 0, 
				20, 20, 0, 0, 48, 248, 
				0, 0, 0, 0, 0, 0,
				2, 0, 0, 0, 0,
			0, 3,
				0, 0, 0, 0, 0, 0, 
				0, 0, 0, 0, 0, 0, 
				0, 0, 0, 0, 0, 0, 
				0, 0, 0, 0, 0, 0, 
				181, 3, 0, 0, 1, 
2, 0, 23]