2020,2108,131
2064,2103,131
2064,2103,131
3823,2874,131
3823,2874,131
3823,2874,131
2053,2107,131
2053,2107,131
270,1235,131
270,1235,131
2011,2110,131
2011,2110,131
2011,2110,131
2016,2101,131
2016,2101,131
2023,2108,131
2023,2108,131
3822,2874,131
3822,2874,131
3822,2874,131
2053,2106,131
2053,2106,131
273,1222,131
273,1222,131
2006,2101,131
2006,2101,131
2006,2101,131
2022,2110,131
2022,2110,131
2019,2098,131
2019,2098,131
3831,2883,131
3831,2883,131
3831,2883,131
2048,2079,131
2048,2079,131
278,1238,131
278,1238,131
2012,2109,131
2012,2109,131
2012,2109,131
2018,2099,131
2018,2099,131
2048,2103,131
2048,2103,131
2047,2879,131
3827,2879,131
3827,2879,131
2043,2108,131
2043,2108,131
276,1236,131
276,1236,131
2760,2102,131
2010,2102,131
2010,2102,131
2018,2106,131
2018,2106,131
2019,2099,131
2019,2099,131
2019,2879,131
3827,2879,131
3827,2879,131
2051,2105,131
2051,2105,131
274,1225,131
274,1225,131
274,12112,131
2014,2112,131
2014,2112,131
2015,2102,131
2015,2102,131
2020,2102,131
2020,2102,131
2020,2102,131
3827,2875,131
3827,2875,131
2049,2105,131
2049,2105,131
276,1234,131
276,1234,131
276,1234,,131
2010,2100,131
2010,2100,131
2018,2102,131
2018,2102,131
2025,2109,131
2025,2109,131
2025,2109,131
3822,2873,131
3822,2873,131
2049,2106,131
2049,2106,131
276,1242,131
276,1242,131
276,1242,,131
2014,2098,131
2014,2098,131
2023,2111,131
2023,2111,131
2221,2510,131
2221,2510,131
2221,2510,131
3823,2873,131
3823,2873,131
2041,2102,131
2041,2102,131
272,1225,131
272,1225,131
272,1225,1311
2013,2101,131
2013,2101,131
2019,2100,131
2019,2100,131
3809,2871,131
3809,2871,131
3809,2871,131
3821,2869,131
3821,2869,131
2049,2099,131
2049,2099,131
277,1234,131
277,1234,131
277,1234,131
2018,2109,131
2018,2109,131
2018,2100,131
2018,2100,131
3811,2871,131
3811,2871,131
3811,2871,131
3827,2875,131
3827,2875,131
2044,2107,131
2044,2107,131
204,1235,131
277,1235,131
277,1235,131
2013,2101,131
2013,2101,131
2018,2100,131
2018,2100,131
2015,2875,131
3815,2875,131
3815,2875,131
3828,2879,131
3828,2879,131
2042,2109,131
2042,2109,131
204,1229,131
274,1229,131
274,1229,131
2015,2101,131
2015,2101,131
2019,2103,131
2019,2103,131
2019,2881,131
3819,2881,131
3819,2881,131
3815,2601,131
3815,2601,131
2001,2094,131
2001,2094,131
2001,225,131
272,1225,131
272,1225,131
2016,2103,131
2016,2103,131
2020,2102,131
2020,2102,131
2020,2884,131
3823,2884,131
3823,2884,131
2059,2101,131
2059,2101,131
2041,2103,131
2041,2103,131
2041,241,131
278,1241,131
278,1241,131
2015,2103,131
2015,2103,131
2024,2109,131
2024,2109,131
2024,2109,131
3827,2881,131
3827,2881,131
2059,2107,131
2059,2107,131
2048,2103,131
2048,2103,131
2048,2103,31
279,1242,131
279,1242,131
2018,2107,131
2018,2107,131
2019,2102,131
2019,2102,131
2019,2102,131
3823,2877,131
3823,2877,131
2058,2107,131
2058,2107,131
2045,2113,131
2045,2113,131
2045,2113,13
278,1245,131
278,1245,131
2017,2101,131
2017,2101,131
2018,2101,131
2018,2101,131
2018,2101,131
3826,2881,131
3826,2881,131
2056,2104,131
2056,2104,131
1814,1547,131
1814,1547,131
1814,1547,131
280,1243,131
280,1243,131
2019,2107,131
2019,2107,131
2023,2110,131
2023,2110,131
2023,2110,131
3823,2875,131
3823,2875,131
2055,2109,131
2055,2109,131
205,1224,131
276,1224,131
276,1224,131
273,1231,131
273,1231,131
2019,2108,131
2019,2108,131
2022,2108,131
2022,2108,131
2022,2108,131
3822,2877,131
3822,2877,131
2052,2101,131
2052,2101,131
205,1227,131
276,1227,131
276,1227,131
274,1235,131
274,1235,131
2020,2108,131
2020,2108,131
2023,2111,131
2023,2111,131
2023,2111,131
3825,2878,131
3825,2878,131
2073,2105,131
2073,2105,131
207,1225,131
274,1225,131
274,1225,131
280,1243,131
280,1243,131
2023,2110,131
2023,2110,131
2024,2109,131
2024,2109,131
2024,2109,131
3824,2875,131
3824,2875,131
2048,2097,131
2048,2097,131
204,1227,131
275,1227,131
275,1227,131
286,1429,131
286,1429,131
2021,2107,131
2021,2107,131
2021,2103,131
2021,2103,131
2021,2103,131
3829,2882,131
3829,2882,131
2051,2106,131
2051,2106,131
205,1223,131
274,1223,131
274,1223,131
2006,2104,131
2006,2104,131
2017,2099,131
2017,2099,131
2018,2101,131
2018,2101,131
2018,2101,131
3823,2849,131
3823,2849,131
2048,2095,131
2048,2095,131
2048,234,131
277,1234,131
277,1234,131
2009,2106,131
2009,2106,131
2021,2107,131
2021,2107,131
2021,2115,131
2060,2115,131
2060,2115,131
3823,2871,131
3823,2871,131
2050,2106,131
2050,2106,131
2050,206,131
274,1224,131
274,1224,131
2006,2101,131
2006,2101,131
2019,2099,131
2019,2099,131
2019,2099,131
2023,2110,131
2023,2110,131
3823,2873,131
3823,2873,131
2046,2105,131
2046,2105,131
2046,2105,31
274,1227,131
274,1227,131
2009,2102,131
2009,2102,131
1990,2102,131
1990,2102,131
1990,2102,131
2023,2114,131
2023,2114,131
3825,2875,131
3825,2875,131
2048,2099,131
2048,2099,131
2048,2099,13
278,1236,131
278,1236,131
2012,2100,131
2012,2100,131
2018,2103,131
2018,2103,131
2018,2103,131
2023,2108,131
2023,2108,131
3822,2871,131
3822,2871,131
3829,2106,131
2049,2106,131
2049,2106,131
273,1224,131
273,1224,131
2015,2113,131
2015,2113,131
2015,2097,131
2001,2097,131
2001,2097,131
2023,2103,131
2023,2103,131
3821,2865,131
3821,2865,131
3821,2865,131
2049,2105,131
2049,2105,131
279,1239,131
279,1239,131
2014,2109,131
2014,2109,131
2014,2109,131
2021,2103,131
2021,2103,131
2023,2110,131
2023,2110,131
3826,2875,131
3826,2875,131
3826,2875,131
2046,2109,131
2046,2109,131
278,1241,131
278,1241,131
2011,2101,131
2011,2101,131
2011,2101,131
1998,2103,131
1998,2103,131
2027,2109,131
2027,2109,131
3813,2867,131
3813,2867,131
3813,2867,131
2043,2105,131
2043,2105,131
279,1242,131
279,1242,131
2014,2105,131
2014,2105,131
2014,2105,131
2018,2103,131
2018,2103,131
3813,2875,131
3813,2875,131
3821,2867,131
3821,2867,131
3821,2867,131
2061,2101,131
2061,2101,131
274,1229,131
274,1229,131
2013,2102,131
2013,2102,131
2013,2102,131
2021,2103,131
2021,2103,131
3811,2871,131
3811,2871,131
3823,2869,131
3823,2869,131
3823,2869,131
2049,2103,131
2049,2103,131
280,1242,131
280,1242,131
2011,2101,131
2011,2101,131
2011,2101,131
2039,2120,131
2039,2120,131
3814,2875,131
3814,2875,131
3815,2868,131
3825,2868,131
3825,2868,131
2045,2111,131
2045,2111,131
275,1231,131
275,1231,131
2018,2109,131
2018,2109,131
2018,2109,131
2021,2111,131
2021,2111,131
3819,2881,131
3819,2881,131
3816,2874,131
3826,2874,131
3826,2874,131
2042,2106,131
2042,2106,131
276,1236,131
276,1236,131
2769,2106,131
2019,2106,131
2019,2106,131
1979,2098,131
1979,2098,131
3825,2883,131
3825,2883,131
3825,2103,131
2063,2103,131
2063,2103,131
2047,2111,131
2047,2111,131
274,1227,131
274,1227,131
274,12101,131
2016,2101,131
2016,2101,131
2023,2110,131
2023,2110,131
3826,2883,131
3826,2883,131
3826,2883,131
2057,2097,131
2057,2097,131
2048,2103,131
2048,2103,131
278,1244,131
278,1244,131
278,1244,,131
2018,2119,131
2018,2119,131
2019,2102,131
2019,2102,131
3825,2875,131
3825,2875,131
3825,2875,131
2059,2108,131
2059,2108,131
2046,2113,131
2046,2113,131
274,1229,131
274,1229,131
274,1229,1311
2019,2109,131
2019,2109,131
2023,2109,131
2023,2109,131
3827,2883,131
3827,2883,131
3827,2883,131
2055,2097,131
2055,2097,131
2042,2106,131
2042,2106,131
273,1229,131
273,1229,131
273,1229,131
2023,2110,131
2023,2110,131
2021,2099,131
2021,2099,131
3825,2878,131
3825,2878,131
3825,2878,131
2053,2114,131
2053,2114,131
275,1222,131
275,1222,131
279,1243,131
279,1243,131
279,1243,131
2020,2107,131
2020,2107,131
2021,2109,131
2021,2109,131
3821,2871,131
3821,2871,131
3821,2871,131
2057,2107,131
2057,2107,131
274,1224,131
274,1224,131
278,1243,131
278,1243,131
278,1243,131
2025,2111,131
2025,2111,131
2025,2108,131
2025,2108,131
3823,2876,131
3823,2876,131
3823,2876,131
2050,2097,131
2050,2097,131
274,1223,131
274,1223,131
277,1244,131
277,1244,131
277,1244,1311
2021,2106,131
2021,2106,131
2024,2107,131
2024,2107,131
3828,2882,131
3828,2882,131
3828,2882,131
2087,2114,131
2087,2114,131
272,1223,131
272,1223,131
272,1229,131
272,1229,131
272,1229,1311
2017,2101,131
2017,2101,131
2026,2110,131
2026,2110,131
3827,2879,131
3827,2879,131
3827,2879,131
2051,2107,131
2051,2107,131
274,1223,131
274,1223,131
2001,2099,131
2001,2099,131
2001,2099,131
2039,2107,131
2039,2107,131
1980,2094,131
1980,2094,131
1987,2879,131
3827,2879,131
3827,2879,131
2051,2105,131
2051,2105,131
274,1229,131
274,1229,131
2745,2101,131
2005,2101,131
2005,2101,131
2017,2106,131
2017,2106,131
2019,2099,131
2019,2099,131
2019,2879,131
3827,2879,131
3827,2879,131
2049,2109,131
2049,2109,131
273,1223,131
273,1223,131
273,12107,131
2011,2107,131
2011,2107,131
2019,2102,131
2019,2102,131
2018,2106,131
2018,2106,131
2018,2106,131
3830,2877,131
3830,2877,131
2048,2095,131
2048,2095,131
279,1239,131
279,1239,131
279,1239,,131
2009,2101,131
2009,2101,131
2017,2099,131
2017,2099,131
2025,2111,131
2025,2111,131
2025,2111,131
3827,2871,131
3827,2871,131
2048,2097,131
2048,2097,131
277,1237,131
277,1237,131
277,1237,,131
2014,2113,131
2014,2113,131
2021,2109,131
2021,2109,131
2021,2103,131
2021,2103,131
2021,2103,131
3823,2871,131
3823,2871,131
2049,2097,131
2049,2097,131
280,1240,131
280,1240,131
280,1240,1311
2016,2109,131
2016,2109,131
2019,2100,131
2019,2100,131
2023,2103,131
2023,2103,131
2023,2103,131
3829,2879,131
3829,2879,131
2045,2105,131
2045,2105,131
204,1226,131
274,1226,131
274,1226,131
2010,2100,131
2010,2100,131
2020,2101,131
2020,2101,131
2025,2107,131
2025,2107,131
2025,2107,131
3825,2875,131
3825,2875,131
2045,2106,131
2045,2106,131
2045,225,131
272,1225,131
272,1225,131
2011,2103,131
2011,2103,131
2022,2111,131
2022,2111,131
2022,2103,131
1994,2103,131
1994,2103,131
3829,2877,131
3829,2877,131
2048,2103,131
2048,2103,131
2048,223,131
274,1223,131
274,1223,131
2015,2105,131
2015,2105,131
2020,2101,131
2020,2101,131
2020,2101,131
3805,2883,131
3805,2883,131
3827,2881,131
3827,2881,131
2045,2107,131
2045,2107,131
2045,2107,31
276,1232,131
276,1232,131
2013,2101,131
2013,2101,131
2021,2103,131
2021,2103,131
2021,2103,131
3809,2869,131
3809,2869,131
3823,2867,131
3823,2867,131
2048,2104,131
2048,2104,131
2048,2104,31
274,1232,131
274,1232,131
2011,2103,131
2011,2103,131
2023,2107,131
2023,2107,131
2023,2107,131
3812,2870,131
3812,2870,131
3827,2871,131
3827,2871,131
2048,2103,131
2048,2103,131
2048,2103,13
277,1238,131
277,1238,131
2012,2100,131
2012,2100,131
2019,2102,131
2019,2102,131
2019,2102,131
3819,2875,131
3819,2875,131
3823,2870,131
3823,2870,131
2048,2103,131
2048,2103,131
2048,2103,13
277,1238,131
277,1238,131
2013,2101,131
2013,2101,131
2023,2110,131
2023,2110,131
2023,2110,131
3823,2883,131
3823,2883,131
2077,2106,131
2077,2106,131
2048,2103,131
2048,2103,131
2048,2103,131
272,1228,131
272,1228,131
2014,2103,131
2014,2103,131
2019,2101,131
2019,2101,131
2019,2101,131
3825,2887,131
3825,2887,131
2063,2109,131
2063,2109,131
2063,2105,131
2049,2105,131
2049,2105,131
273,1231,131
273,1231,131
2018,2109,131
2018,2109,131
2018,2101,131
2019,2101,131
2019,2101,131
3822,2875,131
3822,2875,131
2058,2103,131
2058,2103,131
2058,2103,131
2050,2103,131
2050,2103,131
272,1229,131
272,1229,131
2019,2106,131
2019,2106,131
2019,2106,131
2010,2095,131
2010,2095,131
3827,2879,131
3827,2879,131
2058,2106,131
2058,2106,131
2058,2106,131
2084,2110,131
2084,2110,131
278,1246,131
278,1246,131
2020,2112,131
2020,2112,131
2020,2112,131
2025,2115,131
2025,2115,131
3827,2881,131
3827,2881,131
2055,2105,131
2055,2105,131
2055,2105,13
288,1231,131
288,1231,131
2
 2044,2107,131
2044,2107,131
2044,2107,131
276,1234,131
276,1234,131
2022,2109,131
2022,2109,131
2026,2111,131
2026,2111,131
2026,2111,131
3825,2869,131
3825,2869,131
2057,2105,131
2057,2105,131
205,1232,131
292,1232,131
292,1232,131
273,1232,131
273,1232,131
2021,2108,131
2021,2108,131
2024,2107,131
2024,2107,131
2024,2107,131
3823,2871,131
3823,2871,131
2053,2097,131
2053,2097,131
205,1223,131
274,1223,131
274,1223,131
274,1232,131
274,1232,131
2019,2101,131
2019,2101,131
2023,2107,131
2023,2107,131
2023,2107,131
3827,2879,131
3827,2879,131
2054,2116,131
2054,2116,131
205,1239,131
279,1239,131
279,1239,131
275,1227,131
275,1227,131
2022,2107,131
2022,2107,131
2026,2106,131
2026,2106,131
2026,2106,131
3821,2867,131
3821,2867,131
2052,2099,131
2052,2099,131
205,1230,131
276,1230,131
276,1230,131
274,1234,131
274,1234,131
2023,2111,131
2023,2111,131
2023,2103,131
2023,2103,131
2023,2103,131
3826,2873,131
3826,2873,131
2051,2097,131
2051,2097,131
280,1237,131
280,1237,131
280,1237,131
1927,2085,131
1927,2085,131
2022,2109,131
2022,2109,131
2027,2109,131
2027,2109,131
2027,2109,131
3823,2870,131
3823,2870,131
2054,2109,131
2054,2109,131
205,1224,131
273,1224,131
273,1224,131
2009,2107,131
2009,2107,131
2020,2101,131
2020,2101,131
2020,2107,131
2027,2107,131
2027,2107,131
3823,2871,131
3823,2871,131
2054,2104,131
2054,2104,131
2054,237,131
273,1237,131
273,1237,131
2007,2078,131
2007,2078,131
2020,2095,131
2020,2095,131
2020,2101,131
2022,2101,131
2022,2101,131
3826,2871,131
3826,2871,131
2051,2105,131
2051,2105,131
2051,2105,31
278,1242,131
278,1242,131
2010,2103,131
2010,2103,131
2022,2108,131
2022,2108,131
2022,2108,131
2023,2103,131
2023,2103,131
3826,2873,131
3826,2873,131
2050,2098,131
2050,2098,131
2050,2098,13
276,1233,131
276,1233,131
2016,2097,131
2016,2097,131
2023,2110,131
2023,2110,131
2023,2110,131
2023,2103,131
2023,2103,131
3823,2869,131
3823,2869,131
2052,2104,131
2052,2104,131
2052,2104,131
278,1242,131
278,1242,131
2011,2101,131
2011,2101,131
2019,2100,131
2019,2100,131
2019,2100,131
2026,2111,131
2026,2111,131
3823,2869,131
3823,2869,131
3823,2095,131
2048,2095,131
2048,2095,131
277,1240,131
277,1240,131
2012,2102,131
2012,2102,131
2012,2106,131
2029,2106,131
2029,2106,131
1993,2097,131
1993,2097,131
3827,2875,131
3827,2875,131
3827,2875,131
2022,2101,131
2022,2101,131
278,1243,131
278,1243,131
2018,2108,131
2018,2108,131
2018,2108,131
2070,2113,131
2070,2113,131
2023,2103,131
2023,2103,131
3823,2867,131
3823,2867,131
3823,2867,131
2051,2107,131
2051,2107,131
276,1231,131
276,1231,131
2002,2109,131
2002,2109,131
2002,2109,131
2021,2103,131
2021,2103,131
2221,2519,131
2221,2519,131
3827,2873,131
3827,2873,131
3827,2873,131
2054,2109,131
2054,2109,131
277,1242,131
277,1242,131
2019,2107,131
2019,2107,131
2019,2107,131
2010,2110,131
2010,2110,131
3811,2873,131
3811,2873,131
3826,2869,131
3826,2869,131
3826,2869,131
2051,2104,131
2051,2104,131
274,1233,131
274,1233,131
2019,2109,131
2019,2109,131
2019,2109,131
2021,2101,131
2021,2101,131
3812,2867,131
3812,2867,131
3815,2867,131
3825,2867,131
3825,2867,131
2052,2107,131
2052,2107,131
276,1239,131
276,1239,131
2768,2100,131
2018,2100,131
2018,2100,131
2017,2097,131
2017,2097,131
3818,2871,131
3818,2871,131
3813,2866,131
3823,2866,131
3823,2866,131
2048,2099,131
2048,2099,131
273,1232,131
273,1232,131
2731,2110,131
2021,2110,131
2021,2110,131
2005,2099,131
2005,2099,131
3819,2871,131
3819,2871,131
3819,2597,131
3819,2597,131
3819,2597,131
2047,2105,131
2047,2105,131
274,1231,131
274,1231,131
274,12103,131
2018,2103,131
2018,2103,131
2023,2106,131
2023,2106,131
3821,2871,131
3821,2871,131
3821,2118,131
2104,2118,131
2104,2118,131
2049,2103,131
2049,2103,131
278,1245,131
278,1245,131
278,12102,131
2019,2102,131
2019,2102,131
2030,2109,131
2030,2109,131
3823,2871,131
3823,2871,131
3823,2871,131
2061,2109,131
2061,2109,131
2043,2111,131
2043,2111,131
279,1247,131
279,1247,131
279,1247,,131
2024,2102,131
2024,2102,131
2025,2111,131
2025,2111,131
3827,2877,131
3827,2877,131
3827,2877,131
2060,2109,131
2060,2109,131
2048,2103,131
2048,2103,131
272,1231,131
272,1231,131
272,1231,1311
2020,2103,131
2020,2103,131
2023,2103,131
2023,2103,131
3826,2855,131
3826,2855,131
3826,2855,131
2059,2106,131
2059,2106,131
1813,1537,131
1813,1537,131
181,1246,131
280,1246,131
280,1246,131
2063,2113,131
2063,2113,131
2026,2109,131
2026,2109,131
2023,2871,131
3823,2871,131
3823,2871,131
2054,2087,131
2054,2087,131
277,1232,131
277,1232,131
277,1249,131
278,1249,131
278,1249,131
2023,2110,131
2023,2110,131
2022,2101,131
2022,2101,131
2027,2869,131
3827,2869,131
3827,2869,131
2053,2097,131
2053,2097,131
278,1239,131
278,1239,131
278,1249,131
278,1249,131
278,1249,131
2021,2105,131
2021,2105,131
2026,2111,131
2026,2111,131
2026,2869,131
3826,2869,131
3826,2869,131
2052,2105,131
2052,2105,131
271,1226,131
271,1226,131
271,1238,131
274,1238,131
274,1238,131
2018,2100,131
2018,2100,131
2021,2101,131
2021,2101,131
2023,2871,131
3823,2871,131
3823,2871,131
2054,2102,131
2054,2102,131
274,1225,131
274,1225,131
274,1419,131
280,1419,131
280,1419,131
2019,2099,131
2019,2099,131
2022,2103,131
2022,2103,131
2025,2869,131
3825,2869,131
3825,2869,131
2020,2103,131
2020,2103,131
274,1233,131
274,1233,131
2748,2107,131
2008,2107,131
2008,2107,131
2021,2116,131
2021,2116,131
2023,2105,131
2023,2105,131
2023,2873,131
3827,2873,131
3827,2873,131
2054,2108,131
2054,2108,131
276,1238,131
276,1238,131
2762,2111,131
2012,2111,131
2012,2111,131
2022,2109,131
2022,2109,131
2022,2103,131
2022,2103,131
2022,2103,131
3823,2869,131
3823,2869,131
2050,2099,131
2050,2099,131
278,1231,131
278,1231,131
278,12107,131
2010,2107,131
2010,2107,131
2023,2123,131
2023,2123,131
2029,2109,131
2029,2109,131
2029,2109,131
3823,2870,131
3823,2870,131
2048,2095,131
2048,2095,131
273,1226,131
273,1226,131
273,1226,,131
2010,2099,131
2010,2099,131
2018,2103,131
2018,2103,131
2029,2110,131
2029,2110,131
2029,2110,131
3829,2873,131
3829,2873,131
2053,2105,131
2053,2105,131
274,1231,131
274,1231,131
274,1231,1311
2014,2111,131
2014,2111,131
2019,2100,131
2019,2100,131
2019,2101,131
2019,2101,131
2019,2101,131
3823,2865,131
3823,2865,131
2051,2105,131
2051,2105,131
274,1233,131
274,1233,131
274,1233,131
1978,2095,131
1978,2095,131
2023,2111,131
2023,2111,131
2025,2107,131
2025,2107,131
2025,2107,131
3826,2871,131
3826,2871,131
2048,2097,131
2048,2097,131
204,1244,131
278,1244,131
278,1244,131
2018,2107,131
2018,2107,131
2021,2101,131
2021,2101,131
2021,2101,131
2025,2101,131
2025,2101,131
3821,2863,131
3821,2863,131
2052,2107,131
2052,2107,131
2052,228,131
272,1228,131
272,1228,131
2017,2105,131
2017,2105,131
2021,2105,131
2021,2105,131
2021,2110,131
2026,2110,131
2026,2110,131
3827,2869,131
3827,2869,131
2048,2097,131
2048,2097,131
2048,2097,31
278,1246,131
278,1246,131
2019,2107,131
2019,2107,131
2021,2101,131
2021,2101,131
2021,2101,131
3811,2867,131
3811,2867,131
3823,2871,131
3823,2871,131
2045,2103,131
2045,2103,131
2045,2103,13
278,1244,131
278,1244,131
2011,2100,131
2011,2100,131
2022,2101,131
2022,2101,131
2022,2101,131
3815,2877,131
3815,2877,131
3827,2869,131
3827,2869,131
2048,2099,131
2048,2099,131
2048,2099,13
272,1230,131
272,1230,131
2020,2107,131
2020,2107,131
2026,2110,131
2026,2110,131
2026,2110,131
3814,2870,131
3814,2870,131
3826,2871,131
3826,2871,131
2051,2107,131
2051,2107,131
2051,2107,13
278,1245,131
278,1245,131
2014,2103,131
2014,2103,131
2071,2113,131
2071,2113,131
2071,2113,131
3819,2870,131
3819,2870,131
3829,2874,131
3829,2874,131
2050,2099,131
2050,2099,131
2050,2099,131
278,1245,131
278,1245,131
2020,2116,131
2020,2116,131
2022,2101,131
2022,2101,131
2022,2101,131
3825,2877,131
3825,2877,131
2066,2107,131
2066,2107,131
2046,2107,131
2046,2107,131
2046,2107,131
277,1243,131
277,1243,131
2021,2107,131
2021,2107,131
2027,2110,131
2027,2110,131
2027,2110,131
3825,2877,131
3825,2877,131
2058,2097,131
2058,2097,131
2058,2107,131
2045,2107,131
2045,2107,131
278,1247,131
278,1247,131
2021,2109,131
2021,2109,131
2021,2111,131
2027,2111,131
2027,2111,131
3823,2871,131
3823,2871,131
2055,2101,131
2055,2101,131
2055,2101,131
2045,2107,131
2045,2107,131
277,1246,131
277,1246,131
2017,2100,131
2017,2100,131
2017,2100,131
2025,2106,131
2025,2106,131
3823,2871,131
3823,2871,131
2054,2099,131
2054,2099,131
2054,2099,131
1997,2095,131
1997,2095,131
278,1249,131
278,1249,131
2021,2107,131
2021,2107,131
2021,2107,131
2026,2109,131
2026,2109,131
3829,2878,131
3829,2878,131
2055,2101,131
2055,2101,131
2055,2101,131
275,1224,131
275,1224,131
273,1230,131
273,1230,131
2020,2099,131
2020,2099,131
2020,2099,131
2021,2103,131
2021,2103,131
3823,2871,131
3823,2871,131
2052,2097,131
2052,2097,131
2052,2097,13
273,1223,131
273,1223,131
272,1236,131
272,1236,131
2022,2110,131
2022,2110,131
2022,2082,131
2023,2082,131
2023,2082,131
3827,2875,131
3827,2875,131
2055,2101,131
2055,2101,131
2055,2101,31
274,1227,131
274,1227,131
275,1239,131
275,1239,131
2019,2102,131
2019,2102,131
2016,2111,131
2026,2111,131
2026,2111,131
3824,2868,131
3824,2868,131
2054,2107,131
2054,2107,131
2054,241,131
279,1241,131
279,1241,131
274,1238,131
274,1238,131
2022,2103,131
2022,2103,131
2028,2110,131
2028,2110,131
2028,2110,131
3823,2871,131
3823,2871,131
2053,2103,131
2053,2103,131
2053,224,131
272,1224,131
272,1224,131
2005,2108,131
2005,2108,131
2021,2107,131
2021,2107,131
2021,2110,131
2020,2110,131
2020,2110,131
3827,2874,131
3827,2874,131
2051,2095,131
2051,2095,131
2051,2095,31
275,1234,131
275,1234,131
2010,2103,131
2010,2103,131
2023,2109,131
2023,2109,131
2023,2109,131
1989,2099,131
1989,2099,131
3823,2867,131
3823,2867,131
2050,2105,131
2050,2105,131
2050,2105,13
274,1228,131
274,1228,131
2009,2102,131
2009,2102,131
2020,2103,131
2020,2103,131
2020,2103,131
2021,2103,131
2021,2103,131
3823,2867,131
3823,2867,131
2054,2106,131
2054,2106,131
2054,2106,131
277,1244,131
277,1244,131
2013,2108,131
2013,2108,131
2011,2101,131
2021,2101,131
2021,2101,131
2061,2107,131
2061,2107,131
3823,2867,131
3823,2867,131
3823,2087,131
2050,2087,131
2050,2087,131
278,1245,131
278,1245,131
2017,2107,131
2017,2107,131
2017,2102,131
2021,2102,131
2021,2102,131
2027,2109,131
2027,2109,131
3827,2871,131
3827,2871,131
3827,2871,131
2051,2104,131
2051,2104,131
276,1236,131
276,1236,131
2013,2093,131
2013,2093,131
2013,2093,131
2022,2103,131
2022,2103,131
2023,2102,131
2023,2102,131
3829,2874,131
3829,2874,131
3829,2874,131
2052,2103,131
2052,2103,131
277,1239,131
277,1239,131
2015,2103,131
2015,2103,131
2015,2103,131
2024,2109,131
2024,2109,131
2030,2111,131
2030,2111,131
3823,2867,131
3823,2867,131
3823,2867,131
2054,2108,131
2054,2108,131
278,1246,131
278,1246,131
2019,2107,131
2019,2107,131
2019,2107,131
2026,2095,131
2026,2095,131
2027,2109,131
2027,2109,131
3823,2867,131
3823,2867,131
3823,2867,131
2048,2101,131
2048,2101,131
273,1218,131
273,1218,131
2016,2101,131
2016,2101,131
2016,2101,131
2022,2101,131
2022,2101,131
3811,2877,131
3811,2877,131
3816,2870,131
3826,2870,131
3826,2870,131
2051,2103,131
2051,2103,131
274,1234,131
274,1234,131
2749,2108,131
2019,2108,131
2019,2108,131
2025,2117,131
2025,2117,131
3809,2865,131
3809,2865,131
3803,2855,131
3823,2855,131
3823,2855,131
2050,2101,131
2050,2101,131
274,1234,131
274,1234,131
2742,2111,131
2022,2111,131
2022,2111,131
2020,2110,131
2020,2110,131
3809,2863,131
3809,2863,131
3809,2873,131
3829,2873,131
3829,2873,131
2046,2105,131
2046,2105,131
278,1247,131
278,1247,131
278,12105,131
2019,2105,131
2019,2105,131
2025,2110,131
2025,2110,131
3821,2875,131
3821,2875,131
3821,2866,131
3823,2866,131
3823,2866,131
2051,2106,131
2051,2106,131
274,1232,131
274,1232,131
274,12109,131
2021,2109,131
2021,2109,131
2021,2103,131
2021,2103,131
3819,2869,131
3819,2869,131
3819,2869,131
2067,2096,131
2067,2096,131
2051,2103,131
2051,2103,131
271,1233,131
271,1233,131
271,1233,,131
2023,2109,131
2023,2109,131
2024,2107,131
2024,2107,131
3827,2877,131
3827,2877,131
3827,2877,131
2058,2101,131
2058,2101,131
2046,2107,131
2046,2107,131
274,1235,131
274,1235,131
274,1235,1311
2021,2108,131
2021,2108,131
2025,2110,131
2025,2110,131
3822,2870,131
3822,2870,131
3822,2870,131
2062,2109,131
2062,2109,131
2045,2103,131
2045,2103,131
272,1231,131
272,1231,131
272,1231,131
2021,2125,131
2021,2125,131
2022,2103,131
2022,2103,131
3827,2877,131
3827,2877,131
3827,2877,131
2059,2091,131
2059,2091,131
2048,2097,131
2048,2097,131
204,1247,131
277,1247,131
277,1247,131
2020,2102,131
2020,2102,131
2024,2107,131
2024,2107,131
2027,2875,131
3827,2875,131
3827,2875,131
2061,2108,131
2061,2108,131
288,1221,131
288,1221,131
288,1249,131
278,1249,131
278,1249,131
2023,2108,131
2023,2108,131
2026,2107,131
2026,2107,131
2023,2871,131
3823,2871,131
3823,2871,131
2057,2103,131
2057,2103,131
279,1238,131
279,1238,131
279,1235,131
275,1235,131
275,1235,131
2025,2101,131
2025,2101,131
2026,2093,131
2026,2093,131
2025,2873,131
3825,2873,131
3825,2873,131
2060,2109,131
2060,2109,131
272,1223,131
272,1223,131
272,1240,131
274,1240,131
274,1240,131
2021,2111,131
2021,2111,131
2027,2103,131
2027,2103,131
2025,2869,131
3825,2869,131
3825,2869,131
2094,2113,131
2094,2113,131
277,1236,131
277,1236,131
277,1246,131
277,1246,131
277,1246,131
2023,2105,131
2023,2105,131
2027,2107,131
2027,2107,131
2023,2869,131
3823,2869,131
3823,2869,131
2019,2095,131
2019,2095,131
278,1239,131
278,1239,131
2788,2103,131
1978,2103,131
1978,2103,131
2021,2101,131
2021,2101,131
2021,2098,131
2021,2098,131
2021,2871,131
3825,2871,131
3825,2871,131
2055,2106,131
2055,2106,131
276,1231,131
276,1231,131
276,12101,131
2007,2101,131
2007,2101,131
2023,2108,131
2023,2108,131
2024,2102,131
2024,2102,131
2024,2102,131
3826,2873,131
3826,2873,131
2053,2099,131
2053,2099,131
275,1233,131
275,1233,131
275,1233,,131
2013,2110,131
2013,2110,131
2021,2101,131
2021,2101,131
2026,2107,131
2026,2107,131
2026,2107,131
3821,2866,131
3821,2866,131
2052,2100,131
2052,2100,131
269,1228,131
269,1228,131
269,1228,,131
2010,2102,131
2010,2102,131
2023,2117,131
2023,2117,131
2025,2109,131
2025,2109,131
2025,2109,131
3825,2869,131
3825,2869,131
2051,2095,131
2051,2095,131
280,1243,131
280,1243,131
280,1243,1311
1979,2099,131
1979,2099,131
2021,2100,131
2021,2100,131
2023,2103,131
2023,2103,131
2023,2103,131
3821,2863,131
3821,2863,131
2052,2104,131
2052,2104,131
205,1227,131
273,1227,131
273,1227,131
1982,2094,131
1982,2094,131
2018,2101,131
2018,2101,131
2013,2103,131
2023,2103,131
2023,2103,131
3827,2871,131
3827,2871,131
2049,2096,131
2049,2096,131
2049,236,131
276,1236,131
276,1236,131
2019,2115,131
2019,2115,131
2025,2107,131
2025,2107,131
2025,2123,131
2026,2123,131
2026,2123,131
3827,2871,131
3827,2871,131
2048,2095,131
2048,2095,131
2048,2095,31
276,1241,131
276,1241,131
2021,2109,131
2021,2109,131
2023,2110,131
2023,2110,131
2023,2110,131
2025,2101,131
2025,2101,131
3827,2870,131
3827,2870,131
2052,2106,131
2052,2106,131
2052,2106,31
278,1246,131
278,1246,131
2018,2107,131
2018,2107,131
2026,2109,131
2026,2109,131
2026,2109,131
2217,2499,131
2217,2499,131
3825,2863,131
3825,2863,131
2050,2101,131
2050,2101,131
2050,2101,13
277,1244,131
277,1244,131
2020,2107,131
2020,2107,131
2024,2103,131
2024,2103,131
2024,2103,131
3811,2867,131
3811,2867,131
3823,2863,131
3823,2863,131
2048,2097,131
2048,2097,131
2048,2097,131
278,1247,131
278,1247,131
2021,2110,131
2021,2110,131
2021,2095,131
2021,2095,131
2021,2095,131
3817,2874,131
3817,2874,131
3822,2863,131
3822,2863,131
3821,2103,131
2051,2103,131
2051,2103,131
278,1246,131
278,1246,131
2017,2098,131
2017,2098,131
2017,2108,131
2023,2108,131
2023,2108,131
3817,2865,131
3817,2865,131
3823,2863,131
3823,2863,131
3823,2095,131
2049,2095,131
2049,2095,131
275,1233,131
275,1233,131
2021,2107,131
2021,2107,131
2021,2095,131
2025,2095,131
2025,2095,131
3822,2879,131
3822,2879,131
3821,2597,131
3821,2597,131
3821,2597,131
2050,2103,131
2050,2103,131
277,1243,131
277,1243,131
2022,2109,131
2022,2109,131
2022,2109,131
2042,2119,131
2042,2119,131
3822,2871,131
3822,2871,131
2065,2095,131
2065,2095,131
2065,2095,131
2049,2103,131
2049,2103,131
277,1244,131
277,1244,131
2018,2099,131
2018,2099,131
2018,2099,131
2022,2103,131
2022,2103,131
3827,2877,131
3827,2877,131
2057,2097,131
2057,2097,131
2057,2097,131
2049,2098,131
2049,2098,131
275,1235,131
275,1235,131
2021,2106,131
2021,2106,131
2021,2106,131
2025,2109,131
2025,2109,131
3823,2871,131
3823,2871,131
2061,2113,131
2061,2113,131
2061,2113,131
2053,2103,131
2053,2103,131
276,1241,131
276,1241,131
2014,2103,131
2014,2103,131
2014,2103,131
2027,2110,131
2027,2110,131
3827,2887,131
3827,2887,131
3821,2103,131
2031,2103,131
2031,2103,131
1871,1554,131
1871,1554,131
274,1237,131
274,1237,131
2747,2098,131
2017,2098,131
2017,2098,131
2025,2133,131
2025,2133,131
3823,2869,131
3823,2869,131
3823,2105,131
2058,2105,131
2058,2105,131
275,1227,131
275,1227,131
277,1247,131
277,1247,131
2778,2097,131
2048,2097,131
2048,2097,131
2027,2111,131
2027,2111,131
3825,2867,131
3825,2867,131
3825,2109,131
2060,2109,131
2060,2109,131
277,1235,131
277,1235,131
275,1240,131
275,1240,131
2759,2100,131
2019,2100,131
2019,2100,131
2021,2102,131
2021,2102,131
3823,2869,131
3823,2869,131
3823,2106,131
2055,2106,131
2055,2106,131
274,1231,131
