0, 0, 0, 0, 0, 0, 0, 0, 0, 0, 0, 0, 0, 0, 0, 0, 0, 0, 0, 0, 0, 0, 0, 0, 0, 0, 0, 0, 0, 0, 0, 0, 0, 0, 0, 0, 0, 0, 0, 0, 0, 0, 0, 0, 0, 1, 1, 1, 1, 1, 1, 1, 1, 1, 0, 0, 0, 0, 0, 0, 0, 0, 0, 0, 0, 0, 0, 0, 0, 0, 0, 0, 0, 0, 0, 0, 0, 0, 0, 0, 0, 0, 0, 0, 0, 0, 0, 0, 0, 0, 0, 0, 0, 0, 0, 0, 0, 0, 0, 0, 0, 0, 0, 0, 0, 0, 0, 0, 0, 0, 0, 0, 0, 0, 0, 0, 0, 0, 0, 0, 0, 0, 0, 0, 0, 0, 0, 0, 0, 0, 0, 0, 0, 0, 0, 0, 0, 0, 0, 0, 0, 0, 0, 0, 0, 0, 0, 0, 0, 0, 0, 0, 0, 0, 0, 0, 0, 0, 0, 0, 0, 0, 0, 0, 0, 0, 0, 0, 0, 0, 0, 0, 0, 0, 0, 0, 0, 0, 0, 0, 0, 0, 0, 0, 0, 0, 0, 0, 0, 0, 0, 0, 0, 0, 0, 0, 0, 0, 0, 0, 0, 0, 0, 0, 0, 0, 0, 0, 0, 0, 0, 0, 0, 0, 0, 0
-12814, 21045, 30186, 26797, -12395, 32177, 38811, 43790, -11976, 23329, 30280, 40237
6485, 21203, 30068, 26555, 6905, 32056, 38776, 43723, 7325, 23255, 30341, 40013
12485, 21204, 30066, 26559, 12905, 32056, 38776, 43722, 13325, 23254, 30338, 40017
18486, 21207, 30069, 26555, 18905, 32057, 38774, 43721, 19325, 23256, 30340, 40021
24485, 21209, 30067, 26557, 24905, 32057, 38777, 43719, 25324, 23254, 30339, 40016
30485, 21209, 30068, 26559, 30905, 32059, 38774, 43726, 31324, 23255, 30342, 40023
36485, 21210, 30073, 26561, 36905, 32056, 38775, 43728, 37325, 23253, 30343, 40022
42485, 21209, 30074, 26562, 42905, 32053, 38772, 43729, 43325, 23255, 30346, 40026
48486, 21211, 30076, 26564, 48906, 32057, 38774, 43728, 49325, 23256, 30342, 40022
54485, 21210, 30073, 26569, 54904, 32057, 38776, 43731, 55324, 23254, 30344, 40025
60485, 21207, 30074, 26563, 60905, 32055, 38780, 43730, 61325, 23254, 30343, 40026
66484, 21207, 30073, 26560, 66904, 32058, 38778, 43735, 67323, 23257, 30346, 40024
72484, 21206, 30076, 26570, 72904, 32057, 38777, 43735, 73324, 23258, 30348, 40026
78484, 21208, 30074, 26566, 78904, 32056, 38778, 43733, 79324, 23258, 30342, 40034
84484, 21212, 30074, 26567, 84904, 32059, 38776, 43733, 85324, 23257, 30345, 40027
90484, 21209, 30072, 26567, 90904, 32055, 38780, 43732, 91324, 23255, 30346, 40030
96484, 21211, 30071, 26568, 96904, 32054, 38776, 43737, 97324, 23253, 30350, 40031
102484, 21210, 30069, 26567, 102904, 32055, 38774, 43741, 103323, 23256, 30349, 40026
108484, 21207, 30074, 26571, 108904, 32054, 38775, 43742, 109324, 23254, 30346, 40029
114484, 21210, 30071, 26571, 114904, 32055, 38777, 43743, 115324, 23254, 30348, 40034
120484, 21211, 30072, 26573, 120904, 32055, 38777, 43740, 121324, 23255, 30350, 40032
126484, 21209, 30074, 26574, 126904, 32052, 38778, 43740, 127324, 23251, 30351, 40034
132483, 21212, 30073, 26575, 132903, 32054, 38777, 43741, 133323, 23254, 30350, 40034
138483, 21210, 30069, 26578, 138903, 32056, 38779, 43747, 139323, 23253, 30351, 40029
144483, 21209, 30072, 26579, 144903, 32050, 38780, 43750, 145322, 23251, 30351, 40035
150483, 21212, 30071, 26576, 150902, 32053, 38778, 43747, 151322, 23253, 30350, 40032
156483, 21211, 30071, 26581, 156903, 32052, 38778, 43750, 157322, 23251, 30349, 40035
162483, 21208, 30071, 26577, 162902, 32052, 38778, 43752, 163322, 23254, 30351, 40035
168484, 21208, 30072, 26580, 168903, 32056, 38778, 43750, 169323, 23258, 30350, 40035
174483, 21207, 30071, 26579, 174902, 32054, 38779, 43756, 175322, 23252, 30350, 40040
180483, 21208, 30069, 26582, 180902, 32053, 38775, 43753, 181322, 23255, 30352, 40043
186483, 21210, 30071, 26582, 186902, 32054, 38779, 43756, 187322, 23252, 30350, 40040
192483, 21208, 30070, 26583, 192903, 32051, 38778, 43754, 193322, 23247, 30351, 40040
198482, 21206, 30071, 26582, 198901, 32052, 38776, 43757, 199321, 23252, 30350, 40038
204483, 21208, 30070, 26588, 204902, 32052, 38780, 43755, 205322, 23252, 30351, 40037
210482, 21206, 30068, 26581, 210902, 32050, 38777, 43759, 211322, 23248, 30354, 40039
216482, 21208, 30072, 26584, 216902, 32053, 38778, 43754, 217322, 23251, 30353, 40042
222482, 21210, 30075, 26588, 222902, 32053, 38779, 43755, 223321, 23249, 30351, 40045
228483, 21206, 30072, 26589, 228902, 32052, 38781, 43757, 229322, 23248, 30352, 40043
234482, 21210, 30073, 26585, 234902, 32054, 38780, 43757, 235322, 23253, 30351, 40035
240482, 21209, 30072, 26584, 240902, 32053, 38783, 43760, 241322, 23254, 30356, 40038
246482, 21208, 30071, 26584, 246902, 32049, 38774, 43760, 247322, 23247, 30355, 40040
252482, 21210, 30068, 26591, 252902, 32054, 38782, 43762, 253322, 23248, 30355, 40044
258482, 21208, 30068, 26592, 258902, 32051, 38777, 43760, 259321, 23248, 30354, 40045
264481, 21206, 30072, 26592, 264901, 32052, 38775, 43760, 265321, 23250, 30353, 40042
270481, 21205, 30069, 26587, 270901, 32051, 38779, 43763, 271320, 23251, 30355, 40043
276481, 21202, 30071, 26587, 276901, 32047, 38782, 43765, 277321, 23248, 30355, 40043
282481, 21206, 30069, 26587, 282901, 32050, 38782, 43762, 283321, 23249, 30355, 40042
288482, 21208, 30070, 26586, 288901, 32051, 38778, 43764, 289321, 23248, 30357, 40041
294481, 21205, 30069, 26588, 294901, 32045, 38783, 43760, 295320, 23246, 30357, 40046
300481, 21208, 30066, 26594, 300901, 32049, 38782, 43760, 301321, 23248, 30359, 40043
306481, 21207, 30073, 26591, 306901, 32050, 38784, 43767, 307321, 23249, 30359, 40043
312481, 21205, 30069, 26589, 312901, 32049, 38781, 43764, 313321, 23251, 30359, 40045
318481, 21207, 30069, 26589, 318901, 32050, 38778, 43763, 319320, 23249, 30352, 40042
324481, 21207, 30070, 26594, 324901, 32050, 38780, 43765, 325320, 23246, 30353, 40042
330480, 21207, 30069, 26593, 330900, 32053, 38778, 43762, 331320, 23246, 30355, 40049
338106, 21205, 30073, 26594, 338526, 32050, 38782, 43764, 338946, 23248, 30352, 40050
343096, 21203, 30070, 26590, 343516, 32049, 38779, 43768, 343935, 23246, 30354, 40055
348480, 21205, 30069, 26596, 348900, 32050, 38779, 43769, 349320, 23250, 30356, 40048
354480, 21205, 30072, 26596, 354900, 32049, 38782, 43771, 355319, 23248, 30353, 40049
360481, 21201, 30069, 26596, 360900, 32047, 38780, 43770, 361320, 23245, 30355, 40051
366480, 21205, 30069, 26597, 366900, 32050, 38782, 43771, 367319, 23251, 30357, 40049
372481, 21207, 30069, 26600, 372900, 32051, 38782, 43765, 373320, 23247, 30358, 40054
378480, 21204, 30067, 26597, 378900, 32050, 38782, 43771, 379319, 23247, 30354, 40045
384480, 21205, 30072, 26596, 384899, 32051, 38781, 43767, 385319, 23249, 30354, 40054
390480, 21205, 30073, 26599, 390900, 32049, 38782, 43773, 391319, 23249, 30356, 40051
396479, 21204, 30066, 26600, 396899, 32050, 38780, 43769, 397318, 23246, 30359, 40050
402479, 21207, 30071, 26595, 402898, 32048, 38782, 43767, 403318, 23248, 30356, 40052
408479, 21203, 30068, 26596, 408898, 32047, 38780, 43770, 409318, 23246, 30355, 40048
414479, 21204, 30067, 26593, 414899, 32048, 38780, 43769, 415318, 23247, 30358, 40047
420479, 21206, 30068, 26592, 420898, 32047, 38783, 43773, 421318, 23246, 30361, 40047
426479, 21201, 30068, 26592, 426898, 32046, 38783, 43770, 427317, 23245, 30359, 40051
432479, 21205, 30070, 26594, 432899, 32048, 38782, 43773, 433318, 23246, 30357, 40050
438479, 21208, 30069, 26595, 438898, 32047, 38780, 43769, 439318, 23244, 30361, 40054
444479, 21205, 30068, 26595, 444898, 32045, 38785, 43774, 445317, 23242, 30358, 40050
450479, 21206, 30070, 26594, 450899, 32047, 38784, 43772, 451318, 23245, 30360, 40047
456479, 21206, 30071, 26600, 456898, 32047, 38784, 43773, 457318, 23246, 30360, 40051
462478, 21205, 30066, 26597, 462897, 32048, 38785, 43777, 463317, 23246, 30361, 40048
468478, 21208, 30069, 26596, 468898, 32051, 38781, 43773, 469317, 23249, 30358, 40048
474478, 21203, 30072, 26597, 474898, 32049, 38779, 43773, 475317, 23246, 30356, 40050
480478, 21206, 30070, 26594, 480898, 32046, 38779, 43771, 481317, 23245, 30357, 40050
486478, 21207, 30069, 26595, 486898, 32047, 38784, 43775, 487317, 23244, 30361, 40053
492478, 21205, 30068, 26599, 492898, 32045, 38785, 43776, 493317, 23239, 30359, 40050
498478, 21206, 30067, 26597, 498898, 32048, 38786, 43774, 499318, 23244, 30359, 40055
504478, 21203, 30066, 26601, 504898, 32048, 38785, 43773, 505318, 23245, 30360, 40056
510478, 21200, 30069, 26601, 510897, 32046, 38783, 43776, 511317, 23246, 30357, 40056
516478, 21200, 30071, 26598, 516898, 32047, 38784, 43774, 517318, 23247, 30358, 40055
522478, 21201, 30070, 26602, 522898, 32052, 38781, 43774, 523318, 23247, 30360, 40056
528477, 21200, 30067, 26601, 528897, 32048, 38784, 43778, 529316, 23247, 30360, 40050
534477, 21203, 30070, 26601, 534897, 32050, 38787, 43779, 535316, 23246, 30358, 40061
540477, 21205, 30073, 26600, 540896, 32046, 38781, 43778, 541316, 23246, 30359, 40053
546477, 21203, 30068, 26597, 546896, 32047, 38782, 43776, 547316, 23243, 30356, 40053
552477, 21206, 30069, 26600, 552896, 32048, 38784, 43780, 553316, 23247, 30358, 40052
558477, 21204, 30071, 26599, 558897, 32047, 38784, 43780, 559316, 23242, 30359, 40056
564477, 21205, 30068, 26598, 564897, 32044, 38783, 43778, 565316, 23245, 30357, 40051
570477, 21203, 30069, 26599, 570897, 32047, 38783, 43777, 571317, 23244, 30360, 40051
576477, 21203, 30067, 26601, 576897, 32044, 38787, 43778, 577316, 23241, 30360, 40048
582477, 21206, 30067, 26601, 582897, 32043, 38781, 43778, 583316, 23246, 30358, 40056
588478, 21205, 30067, 26602, 588897, 32045, 38785, 43779, 589317, 23242, 30363, 40052
594476, 21203, 30070, 26600, 594896, 32045, 38785, 43780, 595316, 23242, 30361, 40056
600476, 21204, 30068, 26598, 600896, 32046, 38787, 43780, 601316, 23243, 30360, 40057
606476, 21204, 30073, 26600, 606896, 32046, 38784, 43782, 607316, 23244, 30357, 40054
612476, 21205, 30066, 26598, 612896, 32046, 38784, 43780, 613315, 23243, 30363, 40055
618476, 21203, 30068, 26598, 618896, 32048, 38782, 43782, 619316, 23244, 30357, 40053
624476, 21202, 30070, 26600, 624896, 32048, 38786, 43775, 625316, 23243, 30360, 40053
630476, 21202, 30068, 26606, 630896, 32048, 38787, 43778, 631316, 23245, 30362, 40056
636477, 21203, 30066, 26603, 636896, 32046, 38783, 43778, 637316, 23244, 30363, 40055
642476, 21202, 30070, 26605, 642896, 32044, 38782, 43779, 643315, 23242, 30360, 40057
648476, 21202, 30068, 26607, 648896, 32047, 38783, 43782, 649316, 23242, 30357, 40056
654477, 21201, 30071, 26602, 654896, 32047, 38784, 43778, 655316, 23246, 30361, 40059
660475, 21199, 30072, 26603, 660895, 32044, 38789, 43783, 661315, 23241, 30360, 40057
666475, 21202, 30069, 26600, 666895, 32046, 38786, 43782, 667315, 23244, 30360, 40059
672476, 21205, 30068, 26605, 672896, 32043, 38787, 43777, 673315, 23241, 30361, 40055
678475, 21203, 30065, 26596, 678895, 32044, 38787, 43782, 679315, 23242, 30361, 40056
684476, 21205, 30069, 26598, 684895, 32047, 38784, 43781, 685315, 23245, 30361, 40057
690476, 21202, 30067, 26600, 690896, 32046, 38786, 43783, 691316, 23243, 30365, 40053
696475, 21205, 30067, 26602, 696895, 32045, 38785, 43782, 697315, 23242, 30362, 40055
702475, 21206, 30069, 26605, 702895, 32044, 38786, 43782, 703315, 23243, 30362, 40053
708476, 21205, 30068, 26597, 708895, 32046, 38785, 43779, 709315, 23241, 30362, 40056
714475, 21205, 30065, 26600, 714895, 32045, 38783, 43779, 715315, 23242, 30362, 40054
720476, 21205, 30067, 26601, 720903, 32043, 38785, 43783, 721323, 23242, 30367, 40059
726475, 21200, 30066, 26602, 726894, 32042, 38785, 43782, 727314, 23241, 30366, 40056
732474, 21203, 30066, 26606, 732894, 32046, 38787, 43782, 733314, 23243, 30365, 40058
738474, 21203, 30071, 26602, 738894, 32046, 38785, 43784, 739313, 23243, 30360, 40058
744474, 21199, 30071, 26607, 744894, 32043, 38789, 43783, 745314, 23243, 30361, 40054
750474, 21201, 30071, 26603, 750893, 32046, 38786, 43785, 751313, 23245, 30364, 40059
756474, 21204, 30069, 26607, 756894, 32046, 38788, 43785, 757314, 23244, 30364, 40062
762474, 21203, 30071, 26607, 762894, 32046, 38786, 43782, 763314, 23243, 30361, 40060
768474, 21206, 30068, 26605, 768894, 32048, 38785, 43785, 769314, 23243, 30362, 40056
774474, 21200, 30072, 26607, 774894, 32047, 38788, 43784, 775314, 23242, 30360, 40059
780474, 21203, 30067, 26607, 780893, 32047, 38782, 43783, 781313, 23240, 30362, 40057
786482, 21203, 30068, 26608, 786902, 32047, 38786, 43788, 787321, 23245, 30363, 40058
792473, 21202, 30070, 26608, 792893, 32045, 38785, 43782, 793312, 23238, 30362, 40059
798473, 21203, 30069, 26606, 798892, 32046, 38784, 43782, 799312, 23242, 30360, 40059
804473, 21203, 30071, 26606, 804893, 32045, 38783, 43785, 805313, 23242, 30360, 40061
810473, 21201, 30069, 26605, 810892, 32040, 38788, 43786, 811312, 23238, 30365, 40059
816473, 21204, 30065, 26604, 816893, 32044, 38783, 43784, 817313, 23242, 30364, 40057
822473, 21207, 30067, 26601, 822892, 32043, 38788, 43783, 823312, 23244, 30362, 40053
828473, 21204, 30067, 26604, 828893, 32041, 38789, 43786, 829312, 23239, 30363, 40057
834473, 21203, 30068, 26599, 834893, 32046, 38788, 43787, 835312, 23241, 30365, 40057
840473, 21205, 30068, 26600, 840893, 32042, 38788, 43787, 841312, 23242, 30362, 40057
846473, 21207, 30067, 26601, 846893, 32044, 38787, 43784, 847312, 23240, 30364, 40057
852472, 21207, 30070, 26605, 852892, 32043, 38783, 43785, 853311, 23243, 30360, 40059
858472, 21203, 30069, 26609, 858892, 32044, 38784, 43787, 859311, 23239, 30364, 40057
864472, 21203, 30066, 26601, 864892, 32044, 38786, 43786, 865312, 23240, 30363, 40057
870472, 21203, 30071, 26603, 870892, 32045, 38786, 43788, 871311, 23240, 30367, 40055
876472, 21201, 30068, 26607, 876892, 32041, 38788, 43789, 877311, 23238, 30360, 40058
882472, 21200, 30069, 26606, 882891, 32046, 38787, 43788, 883311, 23243, 30363, 40063
888472, 21202, 30069, 26607, 888892, 32046, 38789, 43787, 889312, 23242, 30366, 40059
894472, 21198, 30069, 26609, 894892, 32043, 38788, 43787, 895311, 23236, 30362, 40057
900473, 21201, 30068, 26610, 900892, 32045, 38788, 43789, 901312, 23241, 30366, 40059
906472, 21203, 30069, 26604, 906892, 32043, 38789, 43788, 907311, 23242, 30367, 40061
912472, 21202, 30070, 26605, 912892, 32047, 38786, 43786, 913311, 23243, 30363, 40060
918471, 21205, 30070, 26608, 918891, 32045, 38786, 43789, 919310, 23245, 30361, 40060
924471, 21201, 30070, 26609, 924890, 32044, 38787, 43790, 925310, 23240, 30362, 40056
930471, 21200, 30068, 26608, 930891, 32045, 38786, 43789, 931311, 23243, 30362, 40059
936471, 21202, 30068, 26611, 936891, 32047, 38786, 43789, 937310, 23241, 30363, 40060
942471, 21202, 30069, 26610, 942890, 32045, 38783, 43784, 943310, 23238, 30364, 40060
948471, 21204, 30067, 26609, 948891, 32043, 38786, 43788, 949310, 23239, 30365, 40058
954471, 21203, 30068, 26606, 954890, 32044, 38789, 43789, 955310, 23240, 30363, 40057
960471, 21201, 30070, 26604, 960891, 32040, 38788, 43787, 961310, 23236, 30366, 40057
966472, 21204, 30071, 26609, 966891, 32045, 38792, 43787, 967311, 23240, 30362, 40061
972471, 21204, 30069, 26604, 972891, 32044, 38788, 43785, 973311, 23242, 30365, 40061
978471, 21203, 30071, 26606, 978891, 32043, 38787, 43784, 979310, 23240, 30367, 40057
984470, 21205, 30068, 26601, 984890, 32043, 38788, 43785, 985309, 23238, 30365, 40062
990470, 21204, 30069, 26605, 990890, 32044, 38789, 43792, 991309, 23241, 30365, 40058
996470, 21202, 30065, 26607, 996890, 32043, 38791, 43791, 997309, 23240, 30365, 40060
1002470, 21206, 30068, 26608, 1002890, 32045, 38788, 43791, 1003309, 23240, 30367, 40057
1008471, 21202, 30068, 26607, 1008890, 32044, 38790, 43791, 1009310, 23241, 30363, 40060
1014470, 21202, 30067, 26608, 1014890, 32044, 38787, 43788, 1015310, 23240, 30367, 40064
1020470, 21202, 30072, 26607, 1020889, 32041, 38789, 43788, 1021309, 23238, 30366, 40057
1026470, 21201, 30068, 26610, 1026890, 32039, 38791, 43790, 1027310, 23238, 30372, 40060
1032470, 21201, 30068, 26600, 1032890, 32041, 38787, 43789, 1033309, 23238, 30363, 40059
1038470, 21202, 30073, 26605, 1038890, 32043, 38787, 43791, 1039310, 23242, 30367, 40058
1044470, 21198, 30069, 26610, 1044890, 32043, 38786, 43790, 1045309, 23239, 30363, 40060
1050469, 21200, 30068, 26604, 1050889, 32046, 38789, 43787, 1051308, 23241, 30367, 40061
1056469, 21201, 30067, 26609, 1056889, 32045, 38790, 43787, 1057308, 23242, 30366, 40060
1062468, 21202, 30069, 26607, 1062888, 32044, 38788, 43790, 1063307, 23238, 30366, 40061
1068469, 21204, 30070, 26605, 1068888, 32045, 38788, 43793, 1069307, 23241, 30363, 40060
1074469, 21204, 30070, 26609, 1074888, 32042, 38787, 43789, 1075307, 23237, 30365, 40060
1080469, 21200, 30066, 26610, 1080888, 32044, 38786, 43790, 1081307, 23239, 30365, 40062
1086469, 21202, 30071, 26606, 1086888, 32044, 38786, 43789, 1087308, 23240, 30366, 40065
1092469, 21202, 30067, 26605, 1092888, 32044, 38787, 43789, 1093307, 23237, 30367, 40065
1098469, 21202, 30068, 26604, 1098888, 32045, 38787, 43792, 1099307, 23241, 30363, 40061
1104469, 21203, 30066, 26605, 1104888, 32043, 38789, 43796, 1105307, 23240, 30368, 40059
1110469, 21200, 30067, 26609, 1110888, 32044, 38787, 43790, 1111307, 23237, 30365, 40060
1116468, 21202, 30069, 26610, 1116887, 32045, 38791, 43791, 1117306, 23237, 30364, 40062
1122468, 21202, 30068, 26609, 1122887, 32042, 38790, 43791, 1123307, 23240, 30367, 40060
1128468, 21200, 30067, 26605, 1128887, 32043, 38788, 43791, 1129306, 23239, 30367, 40061
1134468, 21201, 30072, 26608, 1134887, 32044, 38790, 43787, 1135307, 23241, 30369, 40062
1140468, 21203, 30070, 26606, 1140887, 32044, 38790, 43791, 1141306, 23238, 30366, 40060
1146468, 21199, 30064, 26606, 1146887, 32045, 38786, 43790, 1147306, 23240, 30367, 40061
1152468, 21202, 30068, 26608, 1152887, 32044, 38787, 43796, 1153306, 23241, 30366, 40060
1158468, 21204, 30067, 26607, 1158887, 32042, 38790, 43796, 1159306, 23236, 30366, 40058
1164468, 21201, 30065, 26604, 1164887, 32043, 38790, 43792, 1165306, 23239, 30368, 40054
1170468, 21203, 30069, 26605, 1170887, 32044, 38787, 43793, 1171306, 23239, 30369, 40060
1176467, 21200, 30068, 26600, 1176887, 32042, 38790, 43796, 1177306, 23235, 30364, 40059
1182467, 21202, 30069, 26607, 1182886, 32043, 38789, 43787, 1183306, 23239, 30366, 40063
1188467, 21202, 30072, 26604, 1188886, 32042, 38790, 43791, 1189305, 23236, 30368, 40064
1194467, 21199, 30072, 26607, 1194886, 32042, 38788, 43790, 1195305, 23237, 30367, 40061
1200467, 21201, 30066, 26608, 1200886, 32043, 38790, 43794, 1201305, 23239, 30367, 40064
1206467, 21201, 30072, 26605, 1206886, 32046, 38790, 43796, 1207306, 23240, 30367, 40067
1212467, 21199, 30071, 26606, 1212887, 32043, 38791, 43795, 1213306, 23239, 30367, 40062
1218467, 21203, 30067, 26602, 1218886, 32046, 38789, 43790, 1219306, 23241, 30366, 40062
1224467, 21203, 30068, 26608, 1224886, 32041, 38791, 43789, 1225305, 23238, 30364, 40063
1230467, 21201, 30065, 26607, 1230886, 32042, 38789, 43793, 1231305, 23239, 30365, 40059
1236467, 21205, 30070, 26609, 1236886, 32043, 38787, 43791, 1237306, 23236, 30369, 40065
1242467, 21201, 30069, 26611, 1242886, 32042, 38790, 43790, 1243305, 23236, 30364, 40060
1248466, 21201, 30065, 26609, 1248885, 32046, 38791, 43791, 1249304, 23238, 30363, 40060
1254466, 21202, 30070, 26612, 1254885, 32044, 38793, 43793, 1255304, 23239, 30369, 40061
1260466, 21196, 30069, 26605, 1260885, 32039, 38790, 43793, 1261305, 23235, 30368, 40065
1266466, 21199, 30067, 26613, 1266885, 32046, 38791, 43787, 1267304, 23240, 30366, 40063
1272466, 21200, 30067, 26607, 1272886, 32044, 38790, 43794, 1273305, 23237, 30368, 40063
1278466, 21199, 30070, 26613, 1278885, 32041, 38792, 43792, 1279304, 23238, 30369, 40066
1284466, 21201, 30071, 26609, 1284885, 32044, 38790, 43792, 1285304, 23240, 30367, 40061
1290466, 21200, 30073, 26606, 1290885, 32043, 38790, 43791, 1291305, 23239, 30367, 40063
1296466, 21202, 30067, 26603, 1296885, 32041, 38788, 43792, 1297304, 23239, 30370, 40065
1302466, 21204, 30067, 26606, 1302885, 32042, 38789, 43794, 1303304, 23237, 30367, 40062
1308466, 21202, 30066, 26606, 1308885, 32041, 38787, 43795, 1309304, 23236, 30366, 40064
1314464, 21201, 30070, 26609, 1314884, 32042, 38792, 43793, 1315303, 23237, 30369, 40063
1320465, 21202, 30071, 26603, 1320884, 32044, 38792, 43797, 1321303, 23237, 30367, 40064
1326465, 21199, 30069, 26607, 1326884, 32041, 38792, 43793, 1327303, 23235, 30370, 40063
1332465, 21203, 30069, 26607, 1332884, 32044, 38791, 43793, 1333304, 23236, 30362, 40061
1338465, 21203, 30069, 26612, 1338884, 32044, 38790, 43792, 1339303, 23235, 30367, 40062
1344464, 21201, 30069, 26607, 1344884, 32042, 38792, 43795, 1345303, 23238, 30370, 40064
1350465, 21203, 30070, 26608, 1350884, 32044, 38793, 43798, 1351303, 23238, 30367, 40058
1356465, 21200, 30069, 26614, 1356884, 32044, 38791, 43795, 1357303, 23239, 30367, 40060
1362465, 21200, 30066, 26610, 1362884, 32045, 38790, 43791, 1363303, 23238, 30365, 40063
1368465, 21203, 30068, 26609, 1368884, 32047, 38792, 43793, 1369304, 23240, 30368, 40064
1374464, 21202, 30069, 26604, 1374884, 32044, 38793, 43798, 1375303, 23237, 30364, 40067
1380464, 21202, 30068, 26612, 1380883, 32044, 38791, 43795, 1381302, 23238, 30369, 40062
1386464, 21202, 30068, 26607, 1386883, 32046, 38790, 43792, 1387302, 23238, 30369, 40063
1392464, 21200, 30070, 26608, 1392883, 32043, 38791, 43799, 1393302, 23236, 30368, 40063
1398463, 21200, 30070, 26607, 1398883, 32045, 38792, 43796, 1399302, 23238, 30366, 40063
1404464, 21202, 30069, 26615, 1404883, 32045, 38794, 43791, 1405302, 23237, 30369, 40064
1410464, 21198, 30071, 26615, 1410883, 32041, 38789, 43794, 1411303, 23234, 30369, 40064
1416464, 21203, 30067, 26611, 1416883, 32043, 38793, 43797, 1417303, 23236, 30373, 40063
1422464, 21204, 30069, 26608, 1422883, 32044, 38793, 43795, 1423302, 23236, 30368, 40059
1428464, 21200, 30069, 26607, 1428883, 32040, 38789, 43794, 1429303, 23235, 30368, 40065
1434463, 21202, 30070, 26608, 1434883, 32045, 38795, 43793, 1435302, 23237, 30368, 40063
1440464, 21203, 30068, 26615, 1440883, 32045, 38791, 43796, 1441302, 23235, 30366, 40062
1446463, 21202, 30069, 26610, 1446882, 32041, 38793, 43797, 1447302, 23240, 30373, 40063
1452463, 21203, 30068, 26610, 1452882, 32045, 38791, 43795, 1453302, 23239, 30368, 40061
1458463, 21200, 30071, 26608, 1458882, 32044, 38795, 43797, 1459302, 23237, 30368, 40065
1464463, 21199, 30066, 26609, 1464882, 32044, 38793, 43794, 1465302, 23236, 30369, 40063
1470463, 21200, 30067, 26611, 1470883, 32043, 38789, 43798, 1471302, 23238, 30368, 40063
1476463, 21200, 30066, 26613, 1476882, 32040, 38794, 43796, 1477302, 23233, 30373, 40071
1482463, 21202, 30071, 26611, 1482882, 32043, 38795, 43797, 1483302, 23236, 30370, 40063
1488464, 21202, 30068, 26609, 1488883, 32044, 38794, 43794, 1489303, 23235, 30369, 40065
1494463, 21201, 30069, 26609, 1494882, 32042, 38790, 43794, 1495301, 23236, 30371, 40065
1500463, 21204, 30070, 26608, 1500882, 32045, 38796, 43793, 1501301, 23239, 30368, 40059
1506463, 21202, 30071, 26611, 1506882, 32043, 38791, 43792, 1507302, 23237, 30372, 40063
1512463, 21204, 30070, 26616, 1512882, 32042, 38794, 43794, 1513302, 23235, 30367, 40064
1518462, 21203, 30070, 26614, 1518881, 32045, 38791, 43796, 1519300, 23238, 30369, 40060
1524462, 21204, 30066, 26608, 1524881, 32043, 38796, 43797, 1525301, 23235, 30370, 40058
1530462, 21203, 30067, 26612, 1530881, 32042, 38791, 43795, 1531300, 23237, 30369, 40058
1536462, 21205, 30067, 26605, 1536882, 32042, 38792, 43795, 1537301, 23235, 30369, 40063
1542462, 21203, 30067, 26609, 1542882, 32042, 38790, 43793, 1543301, 23233, 30370, 40064
1548462, 21201, 30069, 26609, 1548881, 32041, 38790, 43797, 1549301, 23237, 30368, 40061
1554462, 21201, 30069, 26609, 1554881, 32044, 38795, 43796, 1555301, 23238, 30373, 40070
1560462, 21199, 30069, 26608, 1560881, 32042, 38798, 43796, 1561301, 23236, 30371, 40064
1566462, 21200, 30071, 26613, 1566881, 32044, 38793, 43799, 1567301, 23238, 30365, 40061
1572462, 21199, 30070, 26613, 1572889, 32044, 38794, 43797, 1573309, 23239, 30367, 40065
1578461, 21198, 30073, 26611, 1578880, 32045, 38796, 43798, 1579299, 23238, 30365, 40068
1584461, 21200, 30074, 26614, 1584880, 32046, 38796, 43795, 1585300, 23239, 30368, 40065
1590461, 21204, 30070, 26612, 1590880, 32044, 38793, 43797, 1591299, 23238, 30368, 40068
1596461, 21203, 30069, 26612, 1596881, 32043, 38789, 43799, 1597300, 23238, 30365, 40065
1602461, 21203, 30066, 26608, 1602880, 32043, 38791, 43796, 1603300, 23237, 30371, 40061
1608461, 21200, 30067, 26613, 1608881, 32042, 38790, 43798, 1609300, 23236, 30367, 40061
1614461, 21202, 30070, 26613, 1614880, 32044, 38791, 43801, 1615299, 23237, 30371, 40065
1620461, 21201, 30071, 26615, 1620880, 32044, 38792, 43795, 1621300, 23235, 30368, 40064
1626461, 21200, 30069, 26611, 1626880, 32041, 38794, 43800, 1627299, 23235, 30371, 40066
1632461, 21204, 30067, 26609, 1632880, 32043, 38789, 43797, 1633300, 23237, 30370, 40064
1638469, 21201, 30069, 26612, 1638888, 32044, 38792, 43800, 1639308, 23238, 30371, 40064
1644460, 21198, 30070, 26613, 1644879, 32042, 38794, 43796, 1645298, 23235, 30368, 40066
1650460, 21203, 30067, 26611, 1650879, 32045, 38796, 43802, 1651299, 23238, 30368, 40065
1656460, 21202, 30071, 26611, 1656879, 32043, 38795, 43799, 1657299, 23237, 30366, 40069
1662459, 21199, 30071, 26608, 1662879, 32042, 38795, 43796, 1663298, 23238, 30369, 40068
1668459, 21197, 30072, 26608, 1668879, 32045, 38795, 43795, 1669298, 23240, 30366, 40065
1674460, 21199, 30072, 26613, 1674879, 32043, 38794, 43796, 1675298, 23237, 30370, 40067
1680460, 21203, 30067, 26615, 1680879, 32042, 38795, 43796, 1681298, 23236, 30368, 40064
1686459, 21200, 30070, 26611, 1686878, 32043, 38794, 43798, 1687297, 23236, 30368, 40066
1692460, 21203, 30070, 26615, 1692879, 32041, 38793, 43796, 1693298, 23234, 30372, 40064
1698460, 21199, 30066, 26610, 1698879, 32044, 38796, 43797, 1699298, 23236, 30371, 40063
1704459, 21200, 30069, 26609, 1704878, 32044, 38792, 43791, 1705297, 23236, 30371, 40059
1710459, 21203, 30068, 26609, 1710878, 32040, 38795, 43799, 1711297, 23235, 30373, 40060
1716459, 21204, 30069, 26609, 1716879, 32041, 38793, 43799, 1717298, 23234, 30372, 40062
1722458, 21204, 30069, 26609, 1722877, 32043, 38794, 43798, 1723297, 23234, 30373, 40066
1728459, 21200, 30071, 26608, 1728878, 32041, 38794, 43798, 1729297, 23235, 30369, 40065
1734459, 21199, 30068, 26610, 1734879, 32043, 38791, 43799, 1735298, 23237, 30370, 40067
1740459, 21200, 30068, 26609, 1740878, 32042, 38794, 43802, 1741297, 23235, 30370, 40062
1746459, 21202, 30070, 26614, 1746878, 32043, 38796, 43798, 1747297, 23236, 30371, 40066
1752459, 21202, 30067, 26610, 1752878, 32043, 38790, 43796, 1753297, 23239, 30371, 40067
1758459, 21201, 30066, 26610, 1758878, 32042, 38795, 43801, 1759297, 23235, 30368, 40067
1764458, 21203, 30067, 26604, 1764877, 32043, 38791, 43794, 1765297, 23237, 30369, 40065
1770458, 21200, 30069, 26612, 1770877, 32043, 38796, 43792, 1771296, 23238, 30369, 40059
1776458, 21200, 30067, 26613, 1776877, 32041, 38795, 43798, 1777296, 23232, 30371, 40068
1782457, 21201, 30067, 26613, 1782876, 32043, 38792, 43794, 1783296, 23235, 30370, 40067
1788458, 21201, 30072, 26613, 1788877, 32044, 38794, 43796, 1789296, 23238, 30372, 40070
1794458, 21197, 30068, 26614, 1794877, 32041, 38796, 43798, 1795296, 23231, 30371, 40069
1800457, 21199, 30069, 26609, 1800877, 32042, 38795, 43797, 1801296, 23236, 30372, 40063
1806457, 21203, 30068, 26613, 1806877, 32043, 38794, 43797, 1807296, 23237, 30370, 40068
1812458, 21200, 30071, 26614, 1812877, 32042, 38791, 43797, 1813297, 23238, 30368, 40065
1818458, 21204, 30065, 26608, 1818877, 32044, 38792, 43794, 1819297, 23238, 30369, 40064
1824458, 21204, 30068, 26609, 1824877, 32042, 38794, 43797, 1825296, 23236, 30373, 40063
1830458, 21201, 30071, 26611, 1830877, 32041, 38794, 43801, 1831296, 23235, 30369, 40064
1836457, 21204, 30068, 26609, 1836876, 32044, 38793, 43797, 1837295, 23236, 30371, 40065
1842456, 21201, 30067, 26606, 1842875, 32042, 38792, 43798, 1843294, 23235, 30370, 40069
1848457, 21201, 30068, 26613, 1848876, 32042, 38791, 43798, 1849295, 23238, 30369, 40065
1854457, 21201, 30069, 26611, 1854876, 32043, 38797, 43797, 1855295, 23233, 30373, 40065
1860457, 21199, 30067, 26610, 1860876, 32040, 38794, 43799, 1861295, 23232, 30371, 40065
1866456, 21201, 30070, 26614, 1866876, 32041, 38792, 43799, 1867295, 23236, 30367, 40069
1872457, 21204, 30067, 26612, 1872876, 32041, 38793, 43798, 1873295, 23237, 30369, 40072
1878457, 21199, 30072, 26613, 1878876, 32045, 38796, 43798, 1879295, 23237, 30366, 40067
1884457, 21199, 30071, 26612, 1884876, 32045, 38798, 43793, 1885296, 23239, 30370, 40067
1890457, 21205, 30074, 26618, 1890876, 32047, 38794, 43795, 1891296, 23236, 30370, 40065
1896457, 21202, 30070, 26614, 1896876, 32042, 38790, 43796, 1897295, 23237, 30369, 40068
1902456, 21204, 30069, 26609, 1902875, 32044, 38797, 43797, 1903295, 23236, 30369, 40063
1908456, 21202, 30068, 26613, 1908875, 32043, 38795, 43798, 1909294, 23234, 30373, 40063
1914455, 21199, 30071, 26609, 1914875, 32041, 38794, 43801, 1915294, 23237, 30368, 40064
1920456, 21202, 30073, 26613, 1920875, 32044, 38798, 43802, 1921294, 23237, 30371, 40062
1926456, 21199, 30070, 26613, 1926875, 32043, 38799, 43797, 1927294, 23235, 30372, 40069
1932456, 21201, 30069, 26613, 1932875, 32045, 38796, 43798, 1933294, 23237, 30371, 40064
1938455, 21202, 30066, 26610, 1938874, 32042, 38797, 43799, 1939293, 23234, 30372, 40064
1944455, 21200, 30070, 26610, 1944874, 32039, 38797, 43799, 1945293, 23233, 30371, 40062
1950455, 21202, 30067, 26610, 1950875, 32041, 38797, 43796, 1951294, 23234, 30375, 40064
1956456, 21201, 30070, 26614, 1956875, 32043, 38796, 43800, 1957295, 23237, 30371, 40070
1962455, 21201, 30070, 26610, 1962875, 32043, 38795, 43798, 1963294, 23235, 30371, 40068
1968454, 21202, 30071, 26611, 1968873, 32044, 38796, 43797, 1969292, 23238, 30372, 40064
1974455, 21202, 30067, 26612, 1974874, 32042, 38796, 43798, 1975293, 23235, 30371, 40064
1980454, 21203, 30069, 26612, 1980874, 32044, 38793, 43799, 1981293, 23235, 30373, 40067
1986455, 21204, 30069, 26610, 1986874, 32044, 38795, 43798, 1987293, 23236, 30372, 40068
1992455, 21199, 30069, 26615, 1992874, 32043, 38794, 43801, 1993293, 23233, 30369, 40072
1998455, 21203, 30066, 26613, 1998874, 32044, 38796, 43798, 1999293, 23234, 30370, 40069
2004455, 21203, 30068, 26611, 2004874, 32044, 38795, 43800, 2005293, 23235, 30370, 40067
2010455, 21200, 30070, 26613, 2010874, 32041, 38798, 43802, 2011293, 23233, 30371, 40066
2016454, 21202, 30071, 26616, 2016874, 32044, 38795, 43795, 2017293, 23238, 30372, 40065
2022454, 21201, 30070, 26613, 2022874, 32042, 38792, 43796, 2023293, 23234, 30370, 40067
2028454, 21198, 30072, 26612, 2028873, 32042, 38794, 43796, 2029293, 23234, 30370, 40071
2034453, 21200, 30071, 26614, 2034872, 32044, 38797, 43797, 2035291, 23235, 30369, 40068
2040454, 21199, 30074, 26614, 2040873, 32045, 38797, 43798, 2041292, 23236, 30368, 40069
2046454, 21198, 30072, 26612, 2046873, 32044, 38797, 43801, 2047292, 23237, 30371, 40066
2052453, 21205, 30070, 26608, 2052873, 32045, 38794, 43796, 2053292, 23238, 30369, 40070
2058454, 21202, 30072, 26613, 2058873, 32042, 38797, 43798, 2059292, 23234, 30373, 40066
2064453, 21202, 30066, 26611, 2064873, 32043, 38795, 43797, 2065292, 23235, 30373, 40063
2070454, 21204, 30069, 26613, 2070873, 32041, 38796, 43798, 2071292, 23236, 30374, 40069
2076453, 21201, 30068, 26609, 2076873, 32040, 38798, 43801, 2077292, 23232, 30370, 40065
2082453, 21201, 30068, 26609, 2082873, 32041, 38795, 43800, 2083292, 23236, 30371, 40064
2088453, 21201, 30070, 26612, 2088872, 32042, 38795, 43799, 2089291, 23236, 30373, 40063
2094453, 21203, 30068, 26613, 2094872, 32041, 38797, 43799, 2095291, 23234, 30372, 40068
2100452, 21201, 30070, 26613, 2100871, 32042, 38794, 43798, 2101290, 23237, 30370, 40066
2106453, 21203, 30067, 26615, 2106872, 32045, 38795, 43797, 2107291, 23237, 30372, 40067
2112452, 21200, 30070, 26617, 2112871, 32043, 38796, 43802, 2113290, 23236, 30372, 40070
2118453, 21201, 30070, 26612, 2118872, 32044, 38795, 43801, 2119291, 23236, 30372, 40065
2124453, 21202, 30070, 26617, 2124872, 32044, 38796, 43804, 2125290, 23239, 30368, 40067
2130453, 21202, 30070, 26611, 2130872, 32044, 38793, 43802, 2131291, 23235, 30370, 40070
2136453, 21201, 30070, 26616, 2136872, 32044, 38795, 43797, 2137291, 23237, 30371, 40065
2142453, 21203, 30071, 26612, 2142872, 32042, 38796, 43801, 2143291, 23234, 30372, 40067
2148453, 21202, 30070, 26617, 2148872, 32044, 38795, 43803, 2149291, 23235, 30369, 40067
2154453, 21203, 30068, 26610, 2154872, 32043, 38795, 43796, 2155291, 23234, 30372, 40065
2160452, 21200, 30070, 26615, 2160871, 32040, 38798, 43800, 2161290, 23233, 30373, 40070
2166452, 21204, 30074, 26615, 2166871, 32041, 38798, 43800, 2167290, 23233, 30374, 40063
2172451, 21202, 30071, 26613, 2172870, 32045, 38795, 43801, 2173289, 23234, 30370, 40064
2178451, 21201, 30070, 26614, 2178871, 32041, 38797, 43798, 2179290, 23231, 30370, 40069
2184452, 21203, 30071, 26615, 2184871, 32043, 38800, 43794, 2185290, 23235, 30371, 40068
2190452, 21202, 30071, 26611, 2190871, 32043, 38798, 43799, 2191290, 23233, 30373, 40067
2196452, 21205, 30068, 26616, 2196871, 32044, 38795, 43800, 2197290, 23236, 30375, 40070
2202452, 21205, 30070, 26612, 2202871, 32045, 38798, 43804, 2203290, 23236, 30370, 40066
2208451, 21202, 30069, 26618, 2208870, 32042, 38796, 43805, 2209289, 23235, 30372, 40068
2214452, 21202, 30064, 26616, 2214871, 32041, 38796, 43800, 2215290, 23237, 30372, 40070
2220452, 21205, 30068, 26621, 2220870, 32045, 38802, 43793, 2221289, 23235, 30370, 40065
2226451, 21201, 30069, 26614, 2226870, 32043, 38800, 43800, 2227289, 23233, 30372, 40063
2232451, 21202, 30069, 26618, 2232870, 32043, 38798, 43801, 2233289, 23233, 30376, 40069
2238450, 21202, 30072, 26615, 2238869, 32044, 38798, 43799, 2239288, 23235, 30374, 40065
2244451, 21200, 30071, 26612, 2244870, 32040, 38801, 43798, 2245289, 23232, 30373, 40064
2250450, 21202, 30074, 26615, 2250869, 32046, 38798, 43799, 2251288, 23236, 30375, 40069
2256451, 21203, 30071, 26614, 2256869, 32041, 38796, 43801, 2257288, 23235, 30376, 40064
2262450, 21203, 30071, 26611, 2262869, 32045, 38798, 43805, 2263288, 23235, 30372, 40064
2268450, 21204, 30070, 26606, 2268869, 32046, 38798, 43799, 2269288, 23236, 30373, 40064
2274451, 21206, 30072, 26615, 2274870, 32041, 38797, 43795, 2275289, 23232, 30373, 40067
2280451, 21201, 30071, 26613, 2280870, 32042, 38794, 43798, 2281289, 23234, 30373, 40064
2286451, 21205, 30071, 26614, 2286870, 32045, 38797, 43802, 2287290, 23235, 30369, 40069
2292451, 21201, 30074, 26616, 2292870, 32041, 38797, 43802, 2293289, 23232, 30372, 40069
2298450, 21202, 30071, 26616, 2298869, 32044, 38795, 43797, 2299288, 23236, 30370, 40067
2304449, 21201, 30072, 26613, 2304868, 32043, 38795, 43800, 2305287, 23233, 30373, 40065
2310450, 21200, 30070, 26614, 2310869, 32040, 38795, 43798, 2311288, 23232, 30375, 40068
2316449, 21201, 30072, 26611, 2316868, 32044, 38796, 43799, 2317287, 23237, 30374, 40068
2322450, 21202, 30071, 26617, 2322869, 32046, 38799, 43802, 2323288, 23235, 30371, 40067
2328450, 21199, 30073, 26615, 2328869, 32044, 38798, 43797, 2329288, 23236, 30370, 40067
2334450, 21200, 30071, 26613, 2334869, 32045, 38797, 43798, 2335288, 23234, 30372, 40068
2340449, 21202, 30072, 26610, 2340868, 32042, 38801, 43801, 2341287, 23235, 30373, 40062
2346449, 21204, 30067, 26616, 2346868, 32043, 38797, 43804, 2347287, 23235, 30372, 40065
2352450, 21204, 30068, 26616, 2352869, 32045, 38800, 43798, 2353288, 23236, 30372, 40070
2358450, 21203, 30074, 26615, 2358869, 32043, 38796, 43805, 2359296, 23235, 30374, 40069
2364449, 21201, 30070, 26614, 2364868, 32043, 38796, 43795, 2365287, 23235, 30372, 40069
2370448, 21203, 30070, 26616, 2370867, 32045, 38795, 43802, 2371286, 23232, 30372, 40069
2376448, 21199, 30066, 26611, 2376867, 32041, 38799, 43799, 2377286, 23232, 30374, 40064
2382449, 21203, 30065, 26612, 2382868, 32045, 38799, 43800, 2383287, 23235, 30375, 40063
2388449, 21203, 30071, 26613, 2388868, 32043, 38798, 43800, 2389287, 23236, 30373, 40066
2394448, 21201, 30069, 26609, 2394867, 32040, 38798, 43803, 2395286, 23233, 30372, 40065
2400449, 21203, 30068, 26614, 2400868, 32042, 38796, 43800, 2401287, 23235, 30373, 40067
2406448, 21202, 30071, 26613, 2406867, 32042, 38802, 43802, 2407286, 23236, 30373, 40069
2412448, 21202, 30071, 26614, 2412867, 32043, 38798, 43802, 2413286, 23233, 30372, 40069
2418449, 21202, 30072, 26610, 2418868, 32044, 38798, 43796, 2419287, 23235, 30375, 40062
2424448, 21202, 30072, 26613, 2424876, 32042, 38797, 43803, 2425295, 23234, 30372, 40065
2430448, 21202, 30070, 26612, 2430867, 32043, 38798, 43802, 2431286, 23235, 30373, 40068
2436447, 21205, 30070, 26616, 2436866, 32045, 38798, 43803, 2437285, 23236, 30373, 40069
2442447, 21202, 30071, 26613, 2442866, 32043, 38798, 43797, 2443285, 23235, 30372, 40070
2448448, 21201, 30069, 26615, 2448867, 32043, 38796, 43799, 2449286, 23232, 30370, 40068
2454448, 21203, 30073, 26617, 2454867, 32045, 38799, 43800, 2455286, 23231, 30375, 40067
2460448, 21199, 30069, 26619, 2460867, 32039, 38803, 43798, 2461286, 23231, 30374, 40066
2466448, 21202, 30070, 26615, 2466867, 32043, 38800, 43800, 2467286, 23233, 30375, 40067
2472448, 21204, 30073, 26616, 2472867, 32045, 38801, 43799, 2473286, 23232, 30372, 40063
2478447, 21200, 30071, 26615, 2478866, 32042, 38799, 43800, 2479286, 23233, 30372, 40066
2484448, 21200, 30068, 26615, 2484867, 32044, 38798, 43796, 2485286, 23237, 30375, 40068
2490456, 21201, 30074, 26616, 2490875, 32042, 38800, 43802, 2491294, 23236, 30373, 40067
2496447, 21200, 30067, 26613, 2496866, 32044, 38796, 43802, 2497285, 23234, 30371, 40061
2502446, 21206, 30073, 26613, 2502865, 32044, 38799, 43804, 2503285, 23236, 30376, 40067
2508447, 21204, 30068, 26619, 2508866, 32044, 38801, 43802, 2509285, 23232, 30372, 40071
2514447, 21205, 30071, 26618, 2514866, 32043, 38799, 43799, 2515285, 23234, 30373, 40066
2520447, 21202, 30073, 26612, 2520866, 32043, 38798, 43799, 2521285, 23233, 30371, 40065
2526446, 21198, 30071, 26617, 2526865, 32043, 38799, 43807, 2527285, 23233, 30371, 40065
2532447, 21201, 30068, 26614, 2532866, 32043, 38795, 43800, 2533285, 23234, 30371, 40067
2538447, 21204, 30070, 26616, 2538866, 32043, 38802, 43798, 2539285, 23233, 30374, 40061
2544447, 21205, 30073, 26615, 2544866, 32038, 38799, 43798, 2545285, 23231, 30373, 40069
2550446, 21205, 30069, 26614, 2550866, 32043, 38800, 43802, 2551285, 23233, 30374, 40067
2556446, 21205, 30068, 26615, 2556865, 32043, 38799, 43800, 2557284, 23235, 30376, 40065
2562446, 21201, 30074, 26610, 2562865, 32044, 38796, 43804, 2563284, 23236, 30370, 40073
2568446, 21201, 30070, 26616, 2568865, 32045, 38799, 43797, 2569284, 23236, 30373, 40071
2574446, 21202, 30073, 26616, 2574865, 32044, 38802, 43797, 2575284, 23234, 30372, 40073
2580446, 21204, 30070, 26613, 2580865, 32044, 38799, 43801, 2581285, 23234, 30374, 40068
2586445, 21203, 30073, 26618, 2586865, 32043, 38798, 43796, 2587284, 23235, 30371, 40071
2592446, 21202, 30067, 26617, 2592865, 32041, 38796, 43799, 2593284, 23234, 30374, 40070
2598446, 21201, 30069, 26613, 2598865, 32044, 38799, 43802, 2599285, 23236, 30374, 40067
2604445, 21201, 30071, 26616, 2604865, 32043, 38797, 43803, 2605284, 23233, 30375, 40066
2610446, 21199, 30071, 26619, 2610865, 32042, 38799, 43804, 2611284, 23231, 30376, 40067
2616446, 21202, 30071, 26617, 2616865, 32043, 38800, 43800, 2617284, 23233, 30372, 40069
2622444, 21202, 30069, 26617, 2622863, 32041, 38800, 43800, 2623282, 23235, 30373, 40068
2628444, 21202, 30071, 26618, 2628863, 32041, 38798, 43800, 2629283, 23233, 30375, 40069
2634445, 21202, 30071, 26612, 2634864, 32045, 38796, 43799, 2635283, 23235, 30372, 40065
2640444, 21201, 30068, 26614, 2640863, 32044, 38799, 43795, 2641283, 23233, 30373, 40067
2646445, 21203, 30069, 26616, 2646864, 32041, 38800, 43804, 2647283, 23232, 30375, 40069
2652444, 21206, 30073, 26616, 2652863, 32044, 38799, 43795, 2653282, 23233, 30378, 40070
2658444, 21202, 30071, 26613, 2658863, 32044, 38799, 43800, 2659283, 23233, 30374, 40069
2664444, 21202, 30068, 26613, 2664864, 32042, 38797, 43801, 2665283, 23236, 30374, 40065
2670445, 21202, 30074, 26613, 2670864, 32045, 38798, 43803, 2671283, 23236, 30372, 40068
2676445, 21198, 30071, 26619, 2676864, 32044, 38797, 43803, 2677283, 23233, 30378, 40068
2682445, 21200, 30070, 26619, 2682863, 32043, 38800, 43802, 2683283, 23233, 30374, 40070
2688444, 21202, 30073, 26618, 2688863, 32044, 38798, 43799, 2689282, 23233, 30374, 40070
2694444, 21199, 30071, 26617, 2694863, 32041, 38799, 43803, 2695282, 23231, 30372, 40069
2700444, 21203, 30069, 26615, 2700863, 32039, 38795, 43799, 2701282, 23234, 30373, 40065
2706444, 21204, 30067, 26611, 2706863, 32043, 38798, 43802, 2707282, 23232, 30372, 40063
2712444, 21202, 30069, 26617, 2712863, 32042, 38797, 43803, 2713282, 23232, 30371, 40067
2718444, 21205, 30072, 26614, 2718863, 32044, 38799, 43798, 2719282, 23233, 30372, 40066
2724444, 21202, 30068, 26617, 2724863, 32042, 38802, 43803, 2725282, 23234, 30372, 40067
2730443, 21203, 30072, 26617, 2730862, 32042, 38798, 43799, 2731281, 23236, 30371, 40068
2736443, 21203, 30070, 26615, 2736862, 32046, 38800, 43800, 2737281, 23235, 30374, 40067
2742444, 21204, 30070, 26613, 2742863, 32043, 38796, 43806, 2743282, 23234, 30375, 40065
2748444, 21203, 30069, 26612, 2748863, 32043, 38797, 43800, 2749282, 23235, 30374, 40066
2754443, 21200, 30074, 26616, 2754862, 32043, 38800, 43800, 2755281, 23234, 30373, 40065
2760443, 21199, 30073, 26611, 2760862, 32044, 38798, 43797, 2761281, 23232, 30374, 40067
2766443, 21202, 30072, 26619, 2766862, 32045, 38798, 43802, 2767281, 23236, 30375, 40070
2772442, 21202, 30072, 26614, 2772862, 32046, 38801, 43804, 2773281, 23236, 30370, 40065
2778442, 21199, 30068, 26611, 2778862, 32041, 38798, 43804, 2779281, 23231, 30373, 40065
2784443, 21202, 30073, 26617, 2784862, 32042, 38802, 43802, 2785281, 23234, 30374, 40067
2790443, 21205, 30072, 26611, 2790862, 32044, 38797, 43804, 2791281, 23234, 30372, 40068
2796443, 21200, 30069, 26612, 2796862, 32043, 38799, 43798, 2797282, 23232, 30371, 40069
2802443, 21205, 30069, 26616, 2802862, 32044, 38798, 43803, 2803281, 23235, 30373, 40066
2808442, 21202, 30072, 26613, 2808862, 32043, 38798, 43801, 2809281, 23233, 30375, 40070
2814443, 21203, 30069, 26615, 2814862, 32044, 38800, 43802, 2815281, 23232, 30375, 40069
2820441, 21204, 30073, 26616, 2820860, 32044, 38797, 43799, 2821279, 23234, 30374, 40069
2826441, 21200, 30070, 26617, 2826860, 32041, 38803, 43802, 2827279, 23232, 30372, 40072
2832442, 21201, 30069, 26613, 2832861, 32044, 38801, 43800, 2833280, 23236, 30370, 40066
2838442, 21201, 30071, 26617, 2838861, 32045, 38802, 43802, 2839280, 23236, 30372, 40067
2844442, 21198, 30077, 26615, 2844861, 32040, 38801, 43801, 2845280, 23234, 30372, 40067
2850441, 21200, 30073, 26616, 2850860, 32044, 38799, 43804, 2851279, 23234, 30371, 40073
2856441, 21202, 30071, 26613, 2856860, 32043, 38802, 43803, 2857280, 23235, 30373, 40069
2862442, 21198, 30070, 26614, 2862861, 32041, 38802, 43802, 2863280, 23233, 30371, 40070
2868442, 21204, 30069, 26616, 2868861, 32044, 38801, 43803, 2869280, 23236, 30375, 40064
2874441, 21204, 30068, 26615, 2874860, 32044, 38800, 43800, 2875279, 23233, 30373, 40067
2880441, 21201, 30069, 26614, 2880860, 32042, 38800, 43800, 2881279, 23236, 30373, 40074
2886441, 21205, 30071, 26613, 2886860, 32043, 38801, 43804, 2887278, 23236, 30372, 40070
2892440, 21200, 30075, 26616, 2892859, 32042, 38799, 43801, 2893278, 23231, 30369, 40068
2898441, 21205, 30068, 26614, 2898860, 32041, 38801, 43803, 2899279, 23233, 30375, 40066
2904440, 21204, 30068, 26613, 2904859, 32042, 38800, 43801, 2905278, 23234, 30378, 40070
2910441, 21203, 30071, 26614, 2910860, 32039, 38803, 43804, 2911279, 23232, 30374, 40068
2916440, 21204, 30069, 26609, 2916859, 32043, 38801, 43801, 2917279, 23233, 30374, 40070
2922441, 21204, 30070, 26618, 2922860, 32043, 38801, 43801, 2923279, 23235, 30373, 40067
2928441, 21200, 30071, 26614, 2928860, 32039, 38800, 43803, 2929279, 23232, 30373, 40070
2934440, 21200, 30071, 26615, 2934859, 32044, 38803, 43801, 2935279, 23234, 30375, 40068
2940440, 21201, 30072, 26612, 2940859, 32045, 38800, 43803, 2941279, 23232, 30372, 40071
2946441, 21199, 30070, 26609, 2946860, 32042, 38801, 43804, 2947278, 23235, 30370, 40065
2952440, 21202, 30073, 26616, 2952859, 32045, 38801, 43801, 2953278, 23238, 30374, 40069
2958439, 21203, 30073, 26616, 2958858, 32043, 38802, 43803, 2959277, 23233, 30375, 40072
2964439, 21200, 30073, 26619, 2964859, 32044, 38802, 43802, 2965278, 23233, 30371, 40068
2970440, 21199, 30071, 26619, 2970859, 32045, 38800, 43801, 2971278, 23234, 30373, 40074
2976439, 21199, 30072, 26619, 2976858, 32043, 38801, 43807, 2977277, 23233, 30374, 40070
2982439, 21199, 30071, 26619, 2982859, 32043, 38800, 43803, 2983278, 23233, 30372, 40070
2988439, 21202, 30074, 26616, 2988858, 32044, 38805, 43805, 2989278, 23232, 30374, 40071
2994439, 21199, 30072, 26620, 2994859, 32040, 38804, 43800, 2995278, 23231, 30376, 40065
3000440, 21202, 30073, 26618, 3000859, 32043, 38802, 43802, 3001278, 23234, 30375, 40066
3006440, 21202, 30071, 26616, 3006859, 32045, 38801, 43804, 3007278, 23235, 30374, 40068
3012439, 21202, 30069, 26609, 3012858, 32042, 38805, 43810, 3013277, 23234, 30376, 40067
3018439, 21203, 30070, 26610, 3018858, 32044, 38803, 43810, 3019277, 23235, 30375, 40064
3024439, 21202, 30070, 26614, 3024858, 32043, 38802, 43807, 3025277, 23232, 30374, 40067
3030438, 21202, 30073, 26615, 3030857, 32044, 38799, 43804, 3031276, 23231, 30374, 40070
3036439, 21203, 30065, 26614, 3036858, 32042, 38804, 43804, 3037277, 23234, 30372, 40065
3042438, 21201, 30070, 26616, 3042858, 32042, 38801, 43805, 3043277, 23231, 30376, 40069
3048438, 21200, 30073, 26615, 3048858, 32041, 38801, 43807, 3049277, 23234, 30375, 40067
3054439, 21204, 30071, 26617, 3054858, 32041, 38803, 43802, 3055277, 23233, 30375, 40065
3060439, 21200, 30074, 26616, 3060858, 32040, 38802, 43801, 3061277, 23230, 30375, 40074
3066439, 21201, 30072, 26615, 3066858, 32043, 38802, 43799, 3067277, 23235, 30376, 40069
3072438, 21200, 30072, 26617, 3072857, 32044, 38802, 43803, 3073276, 23234, 30371, 40067
3078438, 21198, 30074, 26617, 3078857, 32044, 38800, 43805, 3079276, 23233, 30372, 40072
3084438, 21201, 30074, 26618, 3084857, 32046, 38805, 43802, 3085276, 23235, 30375, 40068
3090438, 21202, 30072, 26617, 3090857, 32044, 38805, 43799, 3091276, 23234, 30378, 40073
3096438, 21202, 30072, 26620, 3096857, 32043, 38800, 43801, 3097276, 23232, 30376, 40070
3102437, 21205, 30071, 26619, 3102856, 32044, 38800, 43801, 3103275, 23234, 30376, 40069
3108437, 21200, 30074, 26618, 3108856, 32042, 38803, 43803, 3109275, 23234, 30372, 40069
3114437, 21201, 30072, 26617, 3114856, 32044, 38799, 43806, 3115276, 23235, 30375, 40067
3120438, 21200, 30069, 26613, 3120857, 32042, 38802, 43801, 3121276, 23236, 30374, 40067
3126437, 21200, 30074, 26613, 3126856, 32042, 38802, 43802, 3127275, 23231, 30375, 40069
3132438, 21202, 30073, 26619, 3132856, 32044, 38802, 43805, 3133276, 23232, 30373, 40067
3138438, 21202, 30075, 26617, 3138857, 32044, 38804, 43804, 3139276, 23232, 30376, 40070
3144438, 21200, 30073, 26618, 3144857, 32040, 38802, 43804, 3145276, 23231, 30376, 40068
3150436, 21202, 30071, 26609, 3150855, 32042, 38801, 43804, 3151274, 23234, 30375, 40065
3156436, 21203, 30074, 26613, 3156855, 32045, 38798, 43807, 3157274, 23234, 30374, 40062
3162436, 21201, 30071, 26608, 3162855, 32041, 38798, 43806, 3163274, 23235, 30375, 40067
3168436, 21202, 30075, 26617, 3168855, 32043, 38801, 43803, 3169274, 23234, 30369, 40070
3174436, 21204, 30071, 26614, 3174855, 32045, 38802, 43800, 3175275, 23234, 30376, 40070
3180437, 21199, 30071, 26618, 3180856, 32044, 38800, 43803, 3181275, 23233, 30375, 40067
3186436, 21203, 30068, 26613, 3186855, 32044, 38798, 43805, 3187275, 23231, 30373, 40065
3192436, 21202, 30073, 26618, 3192855, 32044, 38800, 43807, 3193274, 23233, 30370, 40067
3198436, 21202, 30070, 26618, 3198855, 32044, 38800, 43802, 3199274, 23234, 30370, 40072
3204436, 21201, 30073, 26617, 3204855, 32044, 38802, 43802, 3205274, 23232, 30375, 40072
3210436, 21198, 30072, 26620, 3210855, 32041, 38804, 43802, 3211282, 23230, 30375, 40070
3216435, 21201, 30071, 26619, 3216854, 32043, 38803, 43803, 3217273, 23234, 30374, 40067
3222436, 21198, 30069, 26614, 3222855, 32045, 38800, 43803, 3223274, 23233, 30374, 40070
3228436, 21199, 30068, 26615, 3228854, 32041, 38801, 43804, 3229273, 23233, 30372, 40070
3234436, 21201, 30071, 26614, 3234855, 32044, 38803, 43804, 3235274, 23233, 30375, 40064
3240436, 21201, 30073, 26617, 3240855, 32042, 38803, 43802, 3241274, 23232, 30374, 40070
3246436, 21200, 30071, 26613, 3246855, 32045, 38802, 43802, 3247274, 23233, 30375, 40071
3252435, 21202, 30072, 26612, 3252855, 32045, 38802, 43799, 3253274, 23235, 30377, 40071
3258435, 21202, 30072, 26613, 3258854, 32045, 38802, 43804, 3259273, 23235, 30375, 40069
3264435, 21202, 30070, 26610, 3264854, 32040, 38802, 43802, 3265273, 23232, 30374, 40066
3270435, 21202, 30069, 26614, 3270855, 32041, 38802, 43796, 3271274, 23231, 30377, 40068
3276435, 21202, 30069, 26614, 3276862, 32040, 38802, 43803, 3277281, 23227, 30377, 40070
3282434, 21201, 30067, 26614, 3282854, 32043, 38801, 43804, 3283272, 23232, 30372, 40070
3288435, 21201, 30073, 26612, 3288854, 32043, 38801, 43803, 3289273, 23235, 30370, 40069
3294434, 21199, 30072, 26613, 3294853, 32041, 38807, 43806, 3295272, 23231, 30373, 40069
3300434, 21201, 30072, 26614, 3300853, 32044, 38802, 43805, 3301272, 23232, 30377, 40070
3306435, 21200, 30073, 26613, 3306854, 32042, 38801, 43805, 3307273, 23236, 30374, 40068
3312435, 21199, 30075, 26613, 3312854, 32042, 38803, 43803, 3313273, 23231, 30373, 40070
3318434, 21206, 30073, 26619, 3318854, 32043, 38804, 43801, 3319273, 23233, 30375, 40067
3324435, 21202, 30071, 26613, 3324854, 32041, 38800, 43803, 3325273, 23233, 30375, 40069
3330435, 21203, 30070, 26616, 3330854, 32042, 38802, 43803, 3331273, 23233, 30374, 40071
3336435, 21202, 30068, 26613, 3336854, 32046, 38799, 43805, 3337273, 23235, 30375, 40064
3342443, 21201, 30074, 26617, 3342862, 32043, 38803, 43799, 3343282, 23234, 30373, 40065
3348434, 21203, 30072, 26614, 3348853, 32044, 38799, 43803, 3349272, 23236, 30371, 40066
3354434, 21203, 30070, 26617, 3354853, 32044, 38804, 43804, 3355271, 23231, 30376, 40063
3360433, 21201, 30072, 26617, 3360852, 32038, 38802, 43805, 3361271, 23227, 30375, 40068
3366434, 21203, 30072, 26613, 3366853, 32041, 38800, 43801, 3367272, 23232, 30377, 40066
3372434, 21202, 30076, 26619, 3372853, 32041, 38801, 43802, 3373272, 23234, 30375, 40070
3378434, 21198, 30072, 26615, 3378853, 32042, 38800, 43806, 3379272, 23232, 30375, 40070
3384434, 21203, 30076, 26619, 3384853, 32045, 38802, 43804, 3385272, 23236, 30376, 40068
3390434, 21201, 30074, 26620, 3390853, 32044, 38801, 43806, 3391272, 23231, 30376, 40070
3396434, 21201, 30076, 26613, 3396853, 32043, 38801, 43805, 3397272, 23232, 30373, 40070
3402433, 21204, 30072, 26617, 3402853, 32044, 38800, 43802, 3403272, 23235, 30376, 40069
3408433, 21202, 30072, 26617, 3408852, 32043, 38802, 43805, 3409271, 23233, 30373, 40069
3414432, 21203, 30070, 26613, 3414851, 32047, 38802, 43799, 3415270, 23233, 30375, 40066
3420432, 21202, 30073, 26617, 3420852, 32044, 38804, 43802, 3421271, 23235, 30376, 40067
3426432, 21200, 30072, 26613, 3426852, 32042, 38803, 43802, 3427271, 23230, 30376, 40063
3432433, 21203, 30074, 26617, 3432852, 32046, 38801, 43799, 3433271, 23232, 30372, 40064
3438433, 21200, 30072, 26616, 3438852, 32045, 38805, 43801, 3439271, 23232, 30374, 40071
3444432, 21200, 30072, 26611, 3444852, 32040, 38803, 43805, 3445271, 23230, 30376, 40067
3450432, 21200, 30069, 26618, 3450852, 32044, 38805, 43800, 3451271, 23233, 30378, 40067
3456432, 21200, 30071, 26614, 3456852, 32045, 38800, 43802, 3457271, 23233, 30375, 40074
3462432, 21200, 30074, 26618, 3462851, 32042, 38801, 43801, 3463270, 23233, 30375, 40069
3468432, 21201, 30074, 26618, 3468851, 32047, 38802, 43802, 3469271, 23235, 30373, 40067
3474432, 21200, 30073, 26616, 3474851, 32045, 38805, 43805, 3475270, 23232, 30375, 40066
3480432, 21201, 30073, 26618, 3480851, 32042, 38803, 43803, 3481270, 23234, 30375, 40068
3486432, 21204, 30069, 26612, 3486851, 32046, 38801, 43805, 3487270, 23235, 30376, 40068
3492432, 21202, 30071, 26618, 3492851, 32041, 38799, 43807, 3493270, 23232, 30375, 40070
3498431, 21203, 30071, 26610, 3498850, 32046, 38802, 43802, 3499269, 23232, 30374, 40068
3504432, 21203, 30072, 26616, 3504851, 32042, 38803, 43804, 3505270, 23233, 30377, 40068
3510431, 21200, 30071, 26616, 3510850, 32043, 38803, 43801, 3511269, 23229, 30374, 40064
3516431, 21202, 30070, 26615, 3516851, 32044, 38800, 43804, 3517270, 23231, 30374, 40065
3522432, 21203, 30074, 26614, 3522851, 32043, 38800, 43805, 3523270, 23232, 30373, 40064
3528431, 21201, 30075, 26616, 3528851, 32041, 38803, 43806, 3529270, 23232, 30374, 40069
3534432, 21204, 30073, 26613, 3534851, 32044, 38803, 43799, 3535270, 23232, 30377, 40069
3540430, 21203, 30075, 26617, 3540849, 32044, 38800, 43800, 3541268, 23232, 30374, 40070
3546431, 21199, 30071, 26614, 3546850, 32044, 38801, 43804, 3547269, 23232, 30373, 40065
3552431, 21202, 30075, 26615, 3552849, 32047, 38802, 43801, 3553268, 23235, 30375, 40063
3558430, 21200, 30070, 26614, 3558849, 32043, 38800, 43799, 3559268, 23234, 30375, 40070
3564430, 21199, 30074, 26615, 3564849, 32042, 38800, 43800, 3565268, 23232, 30375, 40069
3570431, 21204, 30074, 26613, 3570850, 32045, 38799, 43803, 3571269, 23232, 30376, 40072
3576430, 21201, 30074, 26625, 3576850, 32043, 38802, 43804, 3577269, 23230, 30375, 40069
3582431, 21202, 30072, 26614, 3582851, 32043, 38801, 43804, 3583270, 23231, 30374, 40068
3588431, 21202, 30076, 26612, 3588850, 32041, 38803, 43807, 3589269, 23232, 30380, 40070
3594431, 21197, 30072, 26613, 3594850, 32040, 38805, 43807, 3595269, 23233, 30379, 40067
3602078, 21201, 30074, 26614, 3602497, 32044, 38802, 43806, 3602917, 23235, 30377, 40069
3607045, 21203, 30072, 26613, 3607464, 32044, 38803, 43802, 3607883, 23233, 30373, 40070
3612430, 21200, 30071, 26613, 3612849, 32042, 38801, 43807, 3613269, 23231, 30380, 40071
3618430, 21204, 30072, 26618, 3618850, 32043, 38802, 43807, 3619269, 23233, 30373, 40064
3624429, 21203, 30072, 26621, 3624849, 32043, 38806, 43802, 3625268, 23233, 30376, 40073
3630430, 21204, 30071, 26616, 3630849, 32042, 38804, 43806, 3631269, 23236, 30374, 40067
3636430, 21205, 30072, 26616, 3636849, 32046, 38803, 43802, 3637268, 23234, 30376, 40066
3642429, 21202, 30072, 26616, 3642849, 32044, 38800, 43803, 3643268, 23233, 30376, 40065
3648430, 21201, 30073, 26612, 3648849, 32044, 38802, 43805, 3649268, 23234, 30377, 40066
3654430, 21201, 30073, 26613, 3654849, 32044, 38799, 43800, 3655268, 23232, 30375, 40065
3660430, 21200, 30072, 26617, 3660849, 32041, 38805, 43804, 3661268, 23232, 30377, 40066
3666430, 21202, 30074, 26613, 3666849, 32043, 38801, 43805, 3667268, 23233, 30377, 40066
3672429, 21202, 30072, 26614, 3672848, 32043, 38802, 43805, 3673267, 23236, 30377, 40069
3678429, 21197, 30075, 26621, 3678848, 32042, 38802, 43807, 3679267, 23233, 30374, 40070
3684428, 21201, 30076, 26620, 3684848, 32046, 38803, 43802, 3685267, 23233, 30375, 40072
3690429, 21203, 30074, 26617, 3690848, 32044, 38807, 43803, 3691267, 23231, 30377, 40069
3696429, 21201, 30074, 26616, 3696848, 32043, 38805, 43805, 3697267, 23232, 30377, 40067
3702429, 21202, 30079, 26614, 3702848, 32045, 38799, 43804, 3703267, 23236, 30378, 40063
3708429, 21201, 30076, 26609, 3708849, 32043, 38800, 43809, 3709268, 23234, 30375, 40066
3714428, 21200, 30074, 26619, 3714848, 32044, 38805, 43807, 3715267, 23233, 30376, 40070
3720428, 21201, 30072, 26616, 3720848, 32045, 38802, 43806, 3721267, 23232, 30371, 40067
3726429, 21202, 30072, 26620, 3726848, 32043, 38801, 43801, 3727267, 23232, 30373, 40072
3732428, 21204, 30072, 26622, 3732848, 32045, 38801, 43806, 3733267, 23231, 30374, 40070
3738428, 21202, 30072, 26617, 3738847, 32043, 38803, 43802, 3739266, 23234, 30380, 40069
3744428, 21198, 30075, 26613, 3744847, 32040, 38804, 43807, 3745266, 23232, 30377, 40069
3750427, 21201, 30072, 26616, 3750846, 32043, 38803, 43808, 3751266, 23234, 30376, 40066
3756427, 21201, 30075, 26614, 3756846, 32045, 38802, 43802, 3757265, 23232, 30373, 40070
3762428, 21202, 30072, 26620, 3762847, 32045, 38803, 43802, 3763266, 23233, 30371, 40069
3768428, 21202, 30077, 26617, 3768847, 32045, 38804, 43806, 3769266, 23234, 30382, 40070
3774428, 21203, 30074, 26611, 3774847, 32042, 38800, 43808, 3775266, 23229, 30378, 40069
3780427, 21201, 30070, 26614, 3780847, 32041, 38802, 43802, 3781266, 23236, 30374, 40064
3786427, 21205, 30073, 26611, 3786847, 32043, 38803, 43801, 3787266, 23231, 30376, 40069
3792427, 21204, 30068, 26613, 3792847, 32041, 38799, 43805, 3793266, 23231, 30375, 40073
3798428, 21203, 30069, 26611, 3798847, 32044, 38804, 43804, 3799266, 23234, 30375, 40070
3804426, 21202, 30072, 26618, 3804845, 32044, 38801, 43803, 3805264, 23232, 30376, 40067
3810426, 21201, 30074, 26615, 3810845, 32042, 38800, 43806, 3811264, 23231, 30376, 40064
3816426, 21201, 30073, 26611, 3816846, 32044, 38805, 43807, 3817265, 23235, 30373, 40066
3822426, 21200, 30072, 26612, 3822845, 32044, 38805, 43804, 3823264, 23232, 30378, 40065
3828427, 21203, 30073, 26615, 3828846, 32041, 38802, 43807, 3829265, 23232, 30378, 40070
3834427, 21206, 30071, 26619, 3834846, 32043, 38802, 43803, 3835265, 23233, 30375, 40071
3840427, 21201, 30073, 26618, 3840846, 32045, 38803, 43807, 3841265, 23231, 30376, 40068
3846426, 21201, 30075, 26616, 3846846, 32042, 38799, 43810, 3847265, 23234, 30373, 40066
3852426, 21204, 30073, 26614, 3852846, 32046, 38801, 43804, 3853265, 23236, 30376, 40071
3858426, 21202, 30075, 26619, 3858846, 32045, 38801, 43805, 3859265, 23233, 30376, 40071
3864426, 21203, 30075, 26616, 3864845, 32044, 38799, 43802, 3865265, 23234, 30374, 40071
3870426, 21204, 30074, 26621, 3870845, 32044, 38801, 43807, 3871265, 23233, 30378, 40067
3876426, 21205, 30073, 26618, 3876845, 32042, 38801, 43801, 3877264, 23229, 30376, 40073
3882426, 21202, 30075, 26617, 3882845, 32043, 38803, 43803, 3883264, 23235, 30377, 40071
3888426, 21201, 30076, 26614, 3888845, 32041, 38802, 43807, 3889264, 23232, 30376, 40064
3894426, 21199, 30071, 26616, 3894845, 32040, 38803, 43799, 3895264, 23231, 30378, 40068
3900426, 21203, 30072, 26615, 3900845, 32042, 38803, 43800, 3901264, 23233, 30373, 40070
3906426, 21202, 30074, 26619, 3906846, 32044, 38807, 43804, 3907265, 23232, 30375, 40073
3912425, 21201, 30073, 26611, 3912845, 32042, 38803, 43805, 3913264, 23233, 30377, 40072
3918426, 21203, 30077, 26616, 3918845, 32045, 38801, 43807, 3919265, 23235, 30374, 40064
3924426, 21202, 30074, 26618, 3924845, 32044, 38804, 43805, 3925264, 23234, 30375, 40067
3930426, 21201, 30072, 26616, 3930846, 32043, 38801, 43805, 3931265, 23232, 30370, 40070
3936425, 21203, 30069, 26617, 3936844, 32044, 38805, 43805, 3937263, 23234, 30375, 40068
3942424, 21203, 30074, 26615, 3942843, 32044, 38803, 43806, 3943263, 23231, 30375, 40067
3948425, 21203, 30069, 26613, 3948844, 32044, 38801, 43808, 3949263, 23232, 30373, 40070
3954425, 21201, 30075, 26617, 3954844, 32041, 38803, 43806, 3955263, 23233, 30375, 40067
3960424, 21202, 30075, 26615, 3960843, 32039, 38802, 43805, 3961262, 23231, 30375, 40069
3966425, 21203, 30072, 26612, 3966844, 32043, 38806, 43806, 3967263, 23230, 30379, 40067
3972424, 21201, 30070, 26613, 3972843, 32041, 38804, 43806, 3973262, 23232, 30376, 40073
3978424, 21202, 30075, 26616, 3978843, 32042, 38804, 43804, 3979263, 23228, 30375, 40070
3984425, 21205, 30076, 26617, 3984844, 32045, 38803, 43809, 3985263, 23234, 30378, 40064
3990425, 21203, 30073, 26612, 3990844, 32045, 38802, 43801, 3991263, 23233, 30378, 40068
3996424, 21203, 30071, 26615, 3996843, 32043, 38804, 43809, 3997263, 23231, 30376, 40067
4002424, 21205, 30072, 26613, 4002843, 32045, 38805, 43801, 4003262, 23233, 30377, 40069
4008423, 21204, 30077, 26618, 4008842, 32043, 38800, 43801, 4009261, 23233, 30374, 40070
4014424, 21202, 30070, 26619, 4014843, 32043, 38803, 43803, 4015262, 23231, 30378, 40067
4020424, 21202, 30076, 26620, 4020843, 32045, 38802, 43804, 4021262, 23234, 30377, 40066
4026423, 21200, 30070, 26618, 4026843, 32042, 38805, 43807, 4027262, 23230, 30377, 40071
4032423, 21203, 30071, 26617, 4032842, 32044, 38799, 43807, 4033261, 23232, 30377, 40069
4038424, 21204, 30075, 26621, 4038843, 32046, 38803, 43803, 4039262, 23231, 30377, 40071
4044424, 21200, 30074, 26621, 4044843, 32039, 38806, 43804, 4045262, 23232, 30376, 40068
4050423, 21202, 30076, 26612, 4050842, 32045, 38803, 43805, 4051261, 23232, 30377, 40070
4056423, 21200, 30075, 26613, 4056842, 32044, 38802, 43801, 4057261, 23235, 30378, 40069
4062423, 21202, 30076, 26609, 4062842, 32042, 38804, 43803, 4063269, 23234, 30376, 40067
4068423, 21203, 30073, 26621, 4068842, 32047, 38804, 43805, 4069261, 23234, 30376, 40067
4074423, 21202, 30073, 26618, 4074842, 32043, 38804, 43804, 4075261, 23232, 30378, 40074
4080423, 21202, 30073, 26618, 4080842, 32043, 38803, 43805, 4081261, 23230, 30376, 40072
4086423, 21204, 30072, 26616, 4086842, 32045, 38804, 43806, 4087261, 23236, 30374, 40067
4092422, 21203, 30073, 26617, 4092841, 32042, 38801, 43809, 4093260, 23232, 30375, 40067
4098423, 21201, 30073, 26617, 4098842, 32044, 38801, 43804, 4099261, 23233, 30376, 40068
4104422, 21202, 30072, 26614, 4104841, 32041, 38804, 43809, 4105260, 23230, 30377, 40068
4110423, 21201, 30073, 26620, 4110841, 32039, 38805, 43804, 4111261, 23230, 30378, 40068
4116422, 21201, 30074, 26615, 4116841, 32040, 38799, 43801, 4117260, 23233, 30374, 40067
4122423, 21202, 30074, 26617, 4122841, 32043, 38804, 43807, 4123260, 23233, 30379, 40069
4128422, 21197, 30075, 26612, 4128849, 32044, 38807, 43813, 4129268, 23232, 30376, 40075
4134422, 21203, 30072, 26614, 4134841, 32046, 38805, 43805, 4135260, 23234, 30375, 40067
4140422, 21203, 30074, 26620, 4140841, 32046, 38804, 43799, 4141260, 23230, 30378, 40074
4146421, 21202, 30073, 26618, 4146840, 32042, 38806, 43803, 4147259, 23230, 30378, 40072
4152422, 21204, 30077, 26619, 4152841, 32045, 38804, 43802, 4153260, 23233, 30375, 40070
4158422, 21201, 30072, 26614, 4158841, 32043, 38800, 43805, 4159260, 23234, 30373, 40068
4164421, 21202, 30072, 26620, 4164840, 32042, 38806, 43806, 4165259, 23235, 30373, 40074
4170422, 21204, 30075, 26615, 4170841, 32042, 38803, 43800, 4171260, 23233, 30375, 40069
4176421, 21201, 30073, 26617, 4176841, 32043, 38801, 43802, 4177260, 23232, 30378, 40070
4182421, 21205, 30071, 26619, 4182841, 32042, 38801, 43802, 4183260, 23231, 30376, 40068
4188422, 21204, 30072, 26617, 4188841, 32040, 38805, 43801, 4189260, 23231, 30378, 40070
4194430, 21200, 30070, 26613, 4194849, 32039, 38805, 43806, 4195268, 23230, 30375, 40062
4200421, 21202, 30074, 26612, 4200840, 32043, 38804, 43806, 4201259, 23232, 30379, 40065
4206420, 21201, 30073, 26615, 4206840, 32045, 38802, 43803, 4207259, 23234, 30375, 40072
4212421, 21199, 30076, 26619, 4212840, 32044, 38803, 43804, 4213259, 23233, 30371, 40066
4218421, 21204, 30074, 26620, 4218840, 32046, 38802, 43805, 4219259, 23235, 30375, 40070
4224421, 21202, 30075, 26614, 4224840, 32044, 38803, 43805, 4225259, 23232, 30378, 40069
4230421, 21205, 30073, 26613, 4230840, 32043, 38804, 43808, 4231259, 23232, 30375, 40067
4236421, 21206, 30071, 26614, 4236840, 32044, 38800, 43811, 4237260, 23235, 30377, 40065
4242420, 21203, 30072, 26620, 4242839, 32040, 38801, 43805, 4243258, 23229, 30376, 40068
4248421, 21207, 30068, 26617, 4248840, 32042, 38802, 43800, 4249259, 23231, 30375, 40070
4254420, 21205, 30071, 26614, 4254839, 32042, 38805, 43799, 4255258, 23231, 30375, 40070
4260420, 21200, 30075, 26619, 4260839, 32040, 38804, 43802, 4261258, 23231, 30378, 40068
4266419, 21202, 30071, 26608, 4266838, 32042, 38799, 43804, 4267257, 23232, 30377, 40072
4272419, 21203, 30075, 26615, 4272838, 32044, 38806, 43802, 4273257, 23234, 30375, 40072
4278420, 21202, 30073, 26617, 4278839, 32042, 38806, 43800, 4279258, 23233, 30378, 40072
4284419, 21202, 30073, 26616, 4284839, 32043, 38803, 43799, 4285258, 23231, 30380, 40072
4290419, 21203, 30072, 26617, 4290838, 32042, 38807, 43800, 4291258, 23232, 30374, 40074
4296419, 21203, 30070, 26617, 4296838, 32043, 38803, 43803, 4297257, 23233, 30374, 40069
4302420, 21203, 30073, 26614, 4302839, 32047, 38802, 43806, 4303258, 23236, 30376, 40071
4308420, 21202, 30072, 26616, 4308839, 32044, 38807, 43804, 4309258, 23235, 30377, 40073
4314420, 21201, 30070, 26614, 4314839, 32046, 38804, 43803, 4315258, 23233, 30374, 40072
4320419, 21204, 30070, 26614, 4320838, 32046, 38804, 43800, 4321257, 23235, 30378, 40071
4326418, 21201, 30071, 26617, 4326837, 32043, 38802, 43807, 4327256, 23231, 30378, 40069
4332419, 21203, 30069, 26611, 4332838, 32042, 38804, 43806, 4333257, 23233, 30375, 40068
4338418, 21206, 30072, 26614, 4338837, 32041, 38806, 43805, 4339256, 23234, 30378, 40062
4344419, 21200, 30072, 26616, 4344839, 32041, 38803, 43801, 4345258, 23232, 30378, 40068
4350418, 21206, 30072, 26616, 4350837, 32044, 38804, 43804, 4351256, 23232, 30378, 40070
4356418, 21204, 30072, 26620, 4356837, 32044, 38801, 43802, 4357256, 23231, 30378, 40068
4362419, 21203, 30076, 26620, 4362838, 32043, 38805, 43803, 4363257, 23232, 30376, 40066
4368419, 21206, 30075, 26619, 4368838, 32045, 38801, 43802, 4369257, 23232, 30376, 40065
4374419, 21205, 30077, 26613, 4374838, 32041, 38803, 43802, 4375257, 23233, 30372, 40063
4380418, 21205, 30070, 26618, 4380837, 32040, 38803, 43805, 4381256, 23235, 30379, 40064
4386419, 21207, 30072, 26618, 4386838, 32043, 38804, 43804, 4387257, 23233, 30377, 40072
4392417, 21204, 30073, 26615, 4392837, 32043, 38802, 43805, 4393256, 23232, 30375, 40068
4398418, 21202, 30075, 26617, 4398837, 32045, 38802, 43803, 4399256, 23232, 30377, 40068
4404417, 21203, 30071, 26617, 4404836, 32045, 38801, 43808, 4405255, 23231, 30374, 40069
4410418, 21200, 30076, 26622, 4410837, 32043, 38805, 43805, 4411256, 23229, 30379, 40072
4416418, 21203, 30075, 26621, 4416836, 32042, 38802, 43803, 4417255, 23232, 30376, 40070
4422418, 21204, 30073, 26619, 4422837, 32041, 38805, 43799, 4423256, 23232, 30376, 40069
4428417, 21202, 30074, 26617, 4428836, 32042, 38803, 43802, 4429255, 23234, 30375, 40070
4434418, 21202, 30073, 26618, 4434837, 32043, 38803, 43803, 4435256, 23233, 30374, 40068
4440418, 21203, 30074, 26619, 4440837, 32045, 38801, 43804, 4441256, 23233, 30373, 40067
4446418, 21202, 30073, 26617, 4446837, 32045, 38807, 43809, 4447256, 23232, 30376, 40069
4452417, 21204, 30074, 26611, 4452836, 32045, 38801, 43806, 4453255, 23235, 30373, 40071
4458417, 21204, 30071, 26618, 4458836, 32043, 38804, 43802, 4459255, 23231, 30375, 40065
4464416, 21204, 30073, 26622, 4464836, 32044, 38802, 43804, 4465255, 23232, 30373, 40068
4470417, 21201, 30075, 26619, 4470836, 32043, 38800, 43804, 4471255, 23233, 30378, 40069
4476417, 21202, 30070, 26615, 4476836, 32041, 38802, 43804, 4477255, 23230, 30374, 40068
4482417, 21202, 30074, 26618, 4482836, 32043, 38802, 43802, 4483256, 23230, 30379, 40072
4488416, 21202, 30075, 26615, 4488836, 32044, 38802, 43802, 4489255, 23232, 30378, 40070
4494417, 21201, 30069, 26615, 4494836, 32041, 38803, 43802, 4495255, 23230, 30379, 40070
4500416, 21204, 30070, 26611, 4500836, 32042, 38800, 43801, 4501255, 23234, 30378, 40070
4506417, 21204, 30073, 26614, 4506836, 32042, 38801, 43802, 4507255, 23233, 30379, 40066
4512417, 21205, 30077, 26615, 4512836, 32041, 38801, 43805, 4513255, 23229, 30375, 40069
4518417, 21204, 30071, 26613, 4518836, 32044, 38804, 43804, 4519255, 23235, 30373, 40067
4524416, 21202, 30075, 26617, 4524835, 32043, 38807, 43809, 4525255, 23231, 30374, 40073
4530416, 21202, 30074, 26614, 4530835, 32043, 38803, 43805, 4531254, 23233, 30374, 40068
4536416, 21205, 30071, 26621, 4536835, 32046, 38805, 43806, 4537255, 23234, 30376, 40069
4542416, 21202, 30072, 26618, 4542835, 32043, 38803, 43802, 4543254, 23231, 30373, 40068
4548415, 21204, 30076, 26624, 4548835, 32046, 38802, 43804, 4549254, 23235, 30376, 40071
4554416, 21204, 30071, 26615, 4554835, 32045, 38801, 43800, 4555254, 23233, 30375, 40071
4560416, 21200, 30074, 26618, 4560835, 32040, 38803, 43803, 4561254, 23230, 30377, 40074
4566416, 21201, 30073, 26614, 4566835, 32044, 38802, 43805, 4567254, 23234, 30378, 40072
4572416, 21203, 30075, 26617, 4572835, 32045, 38804, 43803, 4573254, 23236, 30379, 40070
4578415, 21200, 30076, 26615, 4578834, 32044, 38802, 43805, 4579254, 23233, 30378, 40071
4584415, 21204, 30073, 26619, 4584835, 32043, 38803, 43801, 4585254, 23235, 30377, 40070
4590415, 21206, 30077, 26618, 4590835, 32045, 38803, 43800, 4591254, 23230, 30377, 40072
4596415, 21206, 30076, 26618, 4596834, 32044, 38802, 43805, 4597253, 23231, 30378, 40066
4602415, 21206, 30073, 26614, 4602834, 32045, 38808, 43800, 4603253, 23234, 30381, 40061
4608415, 21203, 30071, 26616, 4608834, 32042, 38800, 43802, 4609253, 23233, 30377, 40069
4614415, 21201, 30067, 26614, 4614834, 32043, 38803, 43806, 4615253, 23234, 30377, 40073
4620415, 21204, 30073, 26618, 4620835, 32045, 38805, 43805, 4621254, 23232, 30378, 40066
4626415, 21200, 30075, 26616, 4626834, 32043, 38802, 43803, 4627254, 23231, 30380, 40072
4632415, 21200, 30071, 26616, 4632834, 32044, 38801, 43800, 4633254, 23234, 30377, 40069
4638415, 21201, 30076, 26617, 4638835, 32043, 38807, 43808, 4639254, 23234, 30376, 40069
4644415, 21200, 30071, 26617, 4644834, 32041, 38801, 43802, 4645254, 23230, 30380, 40070
4650415, 21205, 30072, 26616, 4650834, 32045, 38803, 43798, 4651254, 23232, 30377, 40070
4656414, 21205, 30073, 26616, 4656833, 32044, 38802, 43804, 4657253, 23231, 30376, 40070
4662414, 21203, 30076, 26615, 4662833, 32043, 38804, 43800, 4663253, 23232, 30377, 40067
4668414, 21203, 30075, 26613, 4668833, 32042, 38803, 43804, 4669253, 23235, 30378, 40066
4674414, 21202, 30076, 26616, 4674833, 32043, 38806, 43807, 4675252, 23234, 30377, 40066
4680414, 21202, 30071, 26612, 4680833, 32041, 38804, 43806, 4681252, 23232, 30378, 40070
4686413, 21205, 30074, 26619, 4686832, 32044, 38805, 43798, 4687251, 23233, 30378, 40069
4692413, 21203, 30072, 26616, 4692832, 32042, 38803, 43804, 4693252, 23234, 30376, 40075
4698414, 21202, 30073, 26619, 4698833, 32045, 38803, 43799, 4699252, 23234, 30373, 40067
4704414, 21201, 30076, 26618, 4704833, 32044, 38806, 43804, 4705252, 23232, 30378, 40066
4710413, 21200, 30073, 26619, 4710832, 32041, 38808, 43804, 4711251, 23233, 30376, 40067
4716413, 21202, 30072, 26617, 4716832, 32045, 38803, 43802, 4717251, 23230, 30380, 40071
4722413, 21203, 30075, 26620, 4722832, 32045, 38803, 43806, 4723251, 23232, 30377, 40067
4728412, 21203, 30076, 26617, 4728831, 32042, 38803, 43800, 4729250, 23232, 30377, 40068
4734413, 21203, 30074, 26614, 4734832, 32043, 38804, 43801, 4735251, 23233, 30380, 40067
4740413, 21204, 30073, 26617, 4740832, 32044, 38803, 43803, 4741251, 23234, 30380, 40065
4746412, 21202, 30071, 26615, 4746831, 32042, 38804, 43807, 4747250, 23234, 30378, 40067
4752413, 21207, 30074, 26621, 4752832, 32044, 38805, 43800, 4753251, 23234, 30376, 40068
4758413, 21205, 30072, 26620, 4758832, 32042, 38804, 43799, 4759251, 23231, 30380, 40066
4764413, 21204, 30072, 26616, 4764832, 32044, 38804, 43802, 4765251, 23230, 30379, 40066
4770413, 21207, 30070, 26614, 4770832, 32045, 38804, 43802, 4771251, 23230, 30379, 40066
4776412, 21204, 30072, 26621, 4776831, 32040, 38808, 43805, 4777250, 23230, 30379, 40066
4782412, 21203, 30071, 26616, 4782831, 32042, 38801, 43799, 4783250, 23232, 30376, 40071
4788412, 21200, 30076, 26619, 4788831, 32046, 38804, 43801, 4789249, 23234, 30377, 40071
4794411, 21199, 30078, 26621, 4794830, 32042, 38805, 43810, 4795249, 23231, 30373, 40067
4800411, 21200, 30074, 26610, 4800830, 32042, 38803, 43802, 4801250, 23234, 30377, 40067
4806412, 21202, 30075, 26617, 4806831, 32046, 38804, 43805, 4807250, 23234, 30378, 40072
4812411, 21203, 30075, 26613, 4812830, 32043, 38807, 43800, 4813249, 23232, 30377, 40068
4818412, 21202, 30076, 26617, 4818830, 32046, 38802, 43806, 4819249, 23233, 30378, 40075
4824411, 21205, 30076, 26617, 4824830, 32043, 38800, 43803, 4825249, 23232, 30376, 40071
4830411, 21203, 30076, 26616, 4830830, 32044, 38804, 43805, 4831248, 23233, 30378, 40074
4836412, 21206, 30073, 26613, 4836831, 32044, 38802, 43804, 4837249, 23232, 30381, 40071
4842412, 21204, 30071, 26612, 4842831, 32042, 38804, 43805, 4843250, 23229, 30374, 40067
4848412, 21204, 30074, 26612, 4848831, 32040, 38801, 43805, 4849250, 23231, 30377, 40064
4854410, 21204, 30071, 26615, 4854829, 32042, 38805, 43804, 4855248, 23232, 30376, 40068
4860410, 21204, 30074, 26621, 4860829, 32040, 38805, 43805, 4861248, 23227, 30381, 40068
4866411, 21206, 30070, 26615, 4866830, 32040, 38806, 43802, 4867249, 23229, 30381, 40070
4872411, 21206, 30073, 26613, 4872830, 32045, 38805, 43801, 4873249, 23232, 30376, 40069
4878411, 21200, 30069, 26614, 4878830, 32041, 38805, 43803, 4879249, 23232, 30376, 40066
4884410, 21203, 30073, 26614, 4884829, 32045, 38802, 43802, 4885248, 23231, 30376, 40068
4890411, 21206, 30074, 26617, 4890830, 32044, 38805, 43802, 4891248, 23232, 30378, 40068
4896411, 21204, 30070, 26619, 4896830, 32042, 38805, 43804, 4897249, 23231, 30374, 40068
4902411, 21204, 30074, 26619, 4902830, 32045, 38802, 43805, 4903249, 23235, 30377, 40068
4908411, 21202, 30073, 26615, 4908829, 32043, 38803, 43807, 4909248, 23233, 30375, 40064
4914410, 21203, 30075, 26618, 4914829, 32045, 38805, 43802, 4915256, 23234, 30379, 40067
4920410, 21205, 30072, 26612, 4920829, 32043, 38807, 43802, 4921248, 23234, 30377, 40070
4926409, 21204, 30071, 26618, 4926828, 32041, 38803, 43805, 4927248, 23230, 30376, 40069
4932410, 21205, 30071, 26616, 4932829, 32043, 38803, 43799, 4933248, 23232, 30381, 40069
4938410, 21202, 30074, 26613, 4938829, 32042, 38805, 43805, 4939248, 23233, 30380, 40065
4944410, 21201, 30074, 26615, 4944829, 32040, 38803, 43806, 4945248, 23229, 30380, 40065
4950409, 21204, 30076, 26617, 4950828, 32044, 38804, 43799, 4951247, 23234, 30377, 40069
4956410, 21205, 30074, 26617, 4956829, 32045, 38807, 43805, 4957248, 23233, 30378, 40067
4962409, 21201, 30073, 26616, 4962828, 32044, 38802, 43805, 4963247, 23232, 30374, 40070
4968410, 21205, 30077, 26616, 4968828, 32044, 38803, 43804, 4969247, 23233, 30376, 40066
4974409, 21205, 30071, 26617, 4974828, 32042, 38807, 43806, 4975247, 23232, 30381, 40066
4980410, 21204, 30070, 26611, 4980837, 32044, 38803, 43806, 4981256, 23233, 30377, 40065
4986409, 21205, 30070, 26614, 4986828, 32045, 38805, 43807, 4987247, 23232, 30377, 40067
4992408, 21203, 30072, 26619, 4992827, 32041, 38805, 43807, 4993246, 23230, 30379, 40069
4998408, 21203, 30072, 26616, 4998827, 32043, 38806, 43804, 4999246, 23231, 30379, 40070
5004408, 21205, 30076, 26613, 5004827, 32043, 38808, 43804, 5005246, 23232, 30376, 40063
5010409, 21202, 30071, 26616, 5010828, 32043, 38804, 43804, 5011247, 23229, 30379, 40074
5016409, 21205, 30072, 26616, 5016827, 32043, 38806, 43805, 5017246, 23231, 30379, 40069
5022408, 21204, 30073, 26622, 5022827, 32043, 38809, 43804, 5023246, 23232, 30379, 40071
5028409, 21200, 30073, 26621, 5028828, 32042, 38805, 43799, 5029247, 23231, 30373, 40067
5034408, 21205, 30075, 26617, 5034827, 32043, 38807, 43799, 5035246, 23233, 30380, 40071
5040409, 21205, 30074, 26618, 5040828, 32046, 38804, 43805, 5041247, 23233, 30375, 40067
5046417, 21203, 30071, 26614, 5046836, 32043, 38803, 43804, 5047255, 23234, 30375, 40070
5052408, 21206, 30071, 26613, 5052827, 32047, 38802, 43800, 5053246, 23236, 30375, 40069
5058408, 21201, 30072, 26618, 5058826, 32045, 38806, 43804, 5059245, 23233, 30377, 40073
5064407, 21204, 30070, 26620, 5064826, 32043, 38802, 43804, 5065245, 23232, 30380, 40069
5070408, 21205, 30070, 26614, 5070827, 32042, 38808, 43804, 5071246, 23231, 30383, 40069
5076408, 21204, 30073, 26617, 5076826, 32040, 38801, 43803, 5077245, 23232, 30383, 40064
5082407, 21204, 30073, 26617, 5082826, 32043, 38804, 43808, 5083245, 23235, 30380, 40064
5088408, 21202, 30073, 26617, 5088827, 32043, 38803, 43808, 5089245, 23233, 30378, 40068
5094407, 21201, 30070, 26613, 5094826, 32042, 38806, 43804, 5095245, 23231, 30378, 40069
5100408, 21203, 30072, 26613, 5100827, 32043, 38807, 43805, 5101246, 23233, 30378, 40068
5106407, 21202, 30070, 26618, 5106826, 32044, 38803, 43806, 5107245, 23232, 30377, 40074
5112406, 21204, 30072, 26615, 5112825, 32041, 38804, 43806, 5113244, 23230, 30376, 40066
5118407, 21204, 30071, 26614, 5118825, 32043, 38805, 43804, 5119244, 23235, 30376, 40065
5124407, 21204, 30071, 26618, 5124826, 32043, 38805, 43804, 5125245, 23230, 30378, 40069
5130406, 21205, 30072, 26619, 5130825, 32044, 38800, 43804, 5131244, 23232, 30375, 40069
5136406, 21206, 30074, 26618, 5136825, 32046, 38803, 43807, 5137244, 23234, 30378, 40067
5142406, 21203, 30073, 26615, 5142825, 32042, 38805, 43809, 5143244, 23232, 30375, 40069
5148406, 21202, 30069, 26619, 5148825, 32045, 38804, 43801, 5149243, 23233, 30375, 40067
5154406, 21206, 30073, 26617, 5154825, 32042, 38806, 43807, 5155244, 23231, 30376, 40064
5160407, 21201, 30072, 26620, 5160826, 32041, 38805, 43802, 5161245, 23231, 30379, 40071
5166406, 21203, 30077, 26617, 5166825, 32045, 38806, 43802, 5167244, 23234, 30378, 40071
5172407, 21204, 30075, 26619, 5172826, 32044, 38807, 43802, 5173245, 23235, 30376, 40067
5178406, 21201, 30071, 26620, 5178825, 32041, 38807, 43804, 5179243, 23235, 30379, 40068
5184405, 21204, 30071, 26615, 5184824, 32042, 38809, 43805, 5185243, 23234, 30378, 40066
5190406, 21207, 30071, 26614, 5190824, 32044, 38806, 43807, 5191243, 23233, 30377, 40071
5196406, 21205, 30071, 26614, 5196824, 32042, 38805, 43807, 5197243, 23232, 30377, 40066
5202405, 21209, 30073, 26612, 5202824, 32044, 38803, 43807, 5203242, 23236, 30378, 40070
5208405, 21206, 30071, 26617, 5208824, 32044, 38808, 43805, 5209243, 23232, 30380, 40066
5214405, 21204, 30070, 26617, 5214824, 32043, 38805, 43805, 5215242, 23232, 30378, 40070
5220406, 21206, 30073, 26617, 5220825, 32043, 38811, 43805, 5221243, 23232, 30379, 40073
5226405, 21204, 30069, 26617, 5226824, 32042, 38809, 43806, 5227243, 23228, 30377, 40068
5232405, 21207, 30068, 26617, 5232824, 32041, 38805, 43804, 5233243, 23232, 30375, 40067
5238406, 21203, 30074, 26617, 5238825, 32042, 38804, 43805, 5239243, 23234, 30378, 40068
5244404, 21204, 30075, 26620, 5244823, 32040, 38807, 43807, 5245242, 23232, 30377, 40067
5250405, 21207, 30074, 26622, 5250824, 32045, 38809, 43801, 5251243, 23233, 30379, 40072
5256404, 21205, 30072, 26620, 5256823, 32044, 38809, 43800, 5257242, 23233, 30382, 40071
5262405, 21203, 30073, 26615, 5262823, 32044, 38808, 43808, 5263242, 23231, 30381, 40066
5268405, 21204, 30071, 26613, 5268823, 32045, 38807, 43806, 5269242, 23236, 30375, 40064
5274404, 21203, 30072, 26612, 5274823, 32045, 38807, 43805, 5275242, 23234, 30379, 40065
5280405, 21204, 30072, 26618, 5280823, 32043, 38805, 43805, 5281242, 23232, 30374, 40069
5286405, 21204, 30071, 26618, 5286824, 32045, 38803, 43802, 5287243, 23232, 30374, 40067
5292405, 21203, 30074, 26618, 5292824, 32042, 38806, 43803, 5293243, 23231, 30379, 40073
5298405, 21204, 30073, 26613, 5298824, 32041, 38804, 43804, 5299243, 23230, 30378, 40065
5304404, 21204, 30069, 26613, 5304823, 32043, 38806, 43806, 5305243, 23234, 30377, 40071
5310403, 21201, 30076, 26616, 5310823, 32040, 38806, 43805, 5311242, 23232, 30380, 40066
5316403, 21205, 30073, 26617, 5316822, 32043, 38809, 43803, 5317241, 23232, 30378, 40066
5322404, 21203, 30074, 26618, 5322823, 32042, 38808, 43805, 5323241, 23233, 30377, 40071
5328404, 21202, 30077, 26621, 5328822, 32043, 38806, 43804, 5329241, 23232, 30379, 40070
5334403, 21204, 30074, 26617, 5334822, 32044, 38807, 43802, 5335242, 23233, 30379, 40069
5340404, 21206, 30070, 26613, 5340823, 32044, 38806, 43808, 5341241, 23230, 30376, 40071
5346404, 21208, 30070, 26616, 5346823, 32043, 38806, 43807, 5347241, 23231, 30375, 40068
5352403, 21208, 30071, 26619, 5352822, 32044, 38808, 43805, 5353241, 23230, 30377, 40063
5358403, 21205, 30072, 26617, 5358822, 32040, 38804, 43804, 5359241, 23229, 30380, 40070
5364404, 21207, 30068, 26618, 5364823, 32043, 38800, 43805, 5365242, 23232, 30376, 40068
5370403, 21204, 30071, 26612, 5370822, 32043, 38807, 43803, 5371241, 23233, 30376, 40065
5376402, 21204, 30069, 26615, 5376821, 32043, 38806, 43805, 5377240, 23231, 30379, 40068
5382402, 21204, 30070, 26621, 5382821, 32043, 38807, 43801, 5383240, 23230, 30380, 40066
5388403, 21205, 30075, 26619, 5388821, 32044, 38804, 43800, 5389240, 23230, 30378, 40068
5394402, 21203, 30076, 26621, 5394821, 32041, 38808, 43804, 5395240, 23229, 30380, 40069
5400402, 21201, 30075, 26619, 5400821, 32044, 38809, 43809, 5401239, 23234, 30379, 40067
5406403, 21201, 30074, 26616, 5406822, 32045, 38806, 43805, 5407241, 23234, 30376, 40068
5412402, 21201, 30079, 26616, 5412821, 32046, 38804, 43800, 5413240, 23233, 30374, 40070
5418402, 21205, 30073, 26617, 5418821, 32044, 38805, 43801, 5419240, 23236, 30378, 40067
5424402, 21206, 30075, 26620, 5424821, 32042, 38807, 43802, 5425240, 23229, 30375, 40073
5430403, 21204, 30072, 26618, 5430821, 32045, 38807, 43806, 5431240, 23231, 30376, 40068
5436402, 21205, 30071, 26615, 5436821, 32042, 38805, 43801, 5437240, 23233, 30376, 40067
5442401, 21201, 30073, 26619, 5442820, 32044, 38804, 43807, 5443239, 23232, 30378, 40066
5448401, 21204, 30074, 26612, 5448821, 32045, 38802, 43807, 5449239, 23231, 30377, 40068
5454402, 21204, 30073, 26617, 5454820, 32042, 38804, 43806, 5455239, 23232, 30378, 40066
5460401, 21204, 30076, 26620, 5460820, 32041, 38806, 43805, 5461239, 23229, 30380, 40069
5466401, 21207, 30070, 26614, 5466820, 32042, 38805, 43806, 5467239, 23230, 30378, 40067
5472402, 21206, 30071, 26613, 5472821, 32043, 38804, 43806, 5473240, 23231, 30378, 40067
5478402, 21203, 30073, 26618, 5478821, 32042, 38803, 43808, 5479240, 23232, 30379, 40065
5484402, 21207, 30074, 26612, 5484821, 32044, 38807, 43805, 5485239, 23232, 30375, 40066
5490402, 21205, 30072, 26617, 5490821, 32040, 38803, 43804, 5491240, 23232, 30378, 40067
5496401, 21207, 30070, 26615, 5496820, 32043, 38803, 43807, 5497239, 23232, 30378, 40068
5502401, 21207, 30072, 26617, 5502820, 32044, 38806, 43804, 5503239, 23232, 30375, 40070
5508400, 21205, 30072, 26613, 5508819, 32042, 38800, 43804, 5509238, 23232, 30375, 40066
5514401, 21202, 30073, 26618, 5514820, 32043, 38804, 43807, 5515239, 23232, 30377, 40067
5520400, 21205, 30069, 26613, 5520819, 32045, 38802, 43810, 5521238, 23236, 30377, 40066
5526400, 21202, 30074, 26620, 5526819, 32042, 38806, 43803, 5527238, 23230, 30377, 40068
5532400, 21204, 30074, 26622, 5532819, 32042, 38806, 43802, 5533237, 23230, 30377, 40072
5538400, 21203, 30075, 26617, 5538819, 32045, 38807, 43805, 5539238, 23231, 30376, 40071
5544400, 21201, 30075, 26612, 5544819, 32042, 38805, 43804, 5545238, 23230, 30379, 40068
5550400, 21205, 30074, 26611, 5550819, 32043, 38809, 43806, 5551238, 23231, 30378, 40062
5556400, 21206, 30072, 26613, 5556819, 32044, 38808, 43807, 5557238, 23231, 30384, 40070
5562401, 21205, 30075, 26617, 5562820, 32043, 38809, 43811, 5563238, 23232, 30375, 40071
5568400, 21206, 30074, 26621, 5568819, 32045, 38804, 43805, 5569238, 23234, 30379, 40069
5574400, 21205, 30075, 26617, 5574819, 32042, 38804, 43806, 5575238, 23229, 30378, 40066
5580400, 21205, 30072, 26611, 5580819, 32043, 38804, 43807, 5581238, 23233, 30379, 40066
5586399, 21206, 30068, 26616, 5586818, 32044, 38805, 43802, 5587237, 23233, 30382, 40069
5592400, 21207, 30071, 26613, 5592819, 32043, 38806, 43805, 5593238, 23232, 30377, 40069
5598399, 21206, 30072, 26617, 5598819, 32042, 38805, 43804, 5599238, 23229, 30373, 40069
5604399, 21205, 30073, 26612, 5604819, 32043, 38806, 43799, 5605238, 23231, 30380, 40069
5610400, 21203, 30073, 26612, 5610819, 32040, 38806, 43806, 5611238, 23229, 30379, 40066
5616400, 21204, 30073, 26611, 5616819, 32043, 38807, 43808, 5617238, 23232, 30375, 40064
5622399, 21203, 30071, 26607, 5622819, 32044, 38806, 43805, 5623238, 23232, 30378, 40068
5628400, 21201, 30078, 26612, 5628819, 32042, 38803, 43803, 5629238, 23231, 30380, 40070
5634399, 21207, 30073, 26616, 5634818, 32044, 38804, 43799, 5635238, 23231, 30377, 40066
5640399, 21206, 30075, 26620, 5640818, 32044, 38804, 43807, 5641237, 23230, 30376, 40067
5646398, 21205, 30074, 26616, 5646818, 32042, 38804, 43806, 5647237, 23234, 30379, 40068
5652399, 21206, 30075, 26612, 5652818, 32044, 38804, 43805, 5653238, 23234, 30375, 40066
5658399, 21203, 30071, 26613, 5658819, 32044, 38805, 43809, 5659238, 23232, 30376, 40067
5664399, 21202, 30072, 26615, 5664819, 32043, 38803, 43804, 5665238, 23231, 30378, 40070
5670399, 21205, 30073, 26613, 5670818, 32042, 38805, 43802, 5671237, 23232, 30380, 40072
5676398, 21205, 30074, 26620, 5676817, 32040, 38809, 43808, 5677237, 23229, 30377, 40070
5682398, 21203, 30071, 26618, 5682817, 32044, 38805, 43802, 5683236, 23233, 30378, 40065
5688398, 21203, 30073, 26614, 5688818, 32042, 38805, 43806, 5689237, 23231, 30378, 40066
5694398, 21201, 30075, 26618, 5694818, 32040, 38806, 43807, 5695237, 23230, 30378, 40065
5700399, 21208, 30073, 26616, 5700818, 32043, 38807, 43802, 5701237, 23234, 30379, 40072
5706398, 21205, 30075, 26618, 5706817, 32045, 38809, 43803, 5707236, 23232, 30380, 40067
5712398, 21203, 30073, 26618, 5712817, 32043, 38805, 43806, 5713236, 23229, 30378, 40070
5718397, 21204, 30073, 26613, 5718817, 32043, 38802, 43803, 5719236, 23235, 30379, 40066
5724397, 21206, 30073, 26617, 5724816, 32042, 38808, 43801, 5725235, 23230, 30379, 40066
5730398, 21204, 30070, 26616, 5730817, 32042, 38809, 43803, 5731236, 23230, 30377, 40068
5736397, 21205, 30069, 26613, 5736817, 32044, 38804, 43801, 5737236, 23231, 30374, 40066
5742398, 21204, 30074, 26621, 5742817, 32044, 38806, 43806, 5743236, 23230, 30376, 40073
5748397, 21204, 30074, 26613, 5748817, 32043, 38806, 43804, 5749236, 23231, 30378, 40070
5754398, 21204, 30070, 26609, 5754817, 32042, 38807, 43807, 5755236, 23232, 30381, 40070
5760398, 21203, 30076, 26618, 5760818, 32040, 38805, 43802, 5761237, 23232, 30380, 40069
5766398, 21206, 30070, 26613, 5766817, 32043, 38809, 43806, 5767245, 23232, 30379, 40066
5772397, 21203, 30074, 26619, 5772816, 32044, 38806, 43806, 5773235, 23233, 30379, 40069
5778396, 21201, 30076, 26616, 5778816, 32043, 38807, 43805, 5779235, 23232, 30378, 40065
5784397, 21206, 30073, 26615, 5784816, 32044, 38808, 43805, 5785235, 23235, 30377, 40066
5790397, 21205, 30072, 26622, 5790816, 32043, 38809, 43805, 5791235, 23232, 30382, 40065
5796396, 21202, 30072, 26615, 5796816, 32042, 38805, 43803, 5797235, 23231, 30375, 40069
5802396, 21209, 30072, 26617, 5802815, 32043, 38805, 43802, 5803234, 23234, 30376, 40066
5808397, 21205, 30073, 26619, 5808816, 32044, 38807, 43801, 5809235, 23229, 30377, 40069
5814396, 21205, 30072, 26617, 5814815, 32043, 38806, 43805, 5815234, 23231, 30379, 40068
5820396, 21206, 30077, 26623, 5820815, 32040, 38805, 43803, 5821234, 23228, 30377, 40063
5826396, 21205, 30072, 26616, 5826815, 32041, 38807, 43806, 5827234, 23229, 30378, 40068
5832396, 21203, 30072, 26615, 5832824, 32042, 38807, 43803, 5833243, 23230, 30380, 40068
5838395, 21204, 30070, 26613, 5838814, 32042, 38806, 43804, 5839233, 23232, 30378, 40072
5844395, 21202, 30073, 26615, 5844815, 32040, 38807, 43807, 5845234, 23231, 30380, 40065
5850395, 21204, 30075, 26613, 5850814, 32043, 38809, 43802, 5851233, 23233, 30377, 40064
5856396, 21205, 30072, 26617, 5856815, 32045, 38806, 43804, 5857234, 23234, 30376, 40071
5862395, 21204, 30073, 26615, 5862814, 32045, 38807, 43804, 5863233, 23232, 30378, 40069
5868395, 21205, 30072, 26618, 5868814, 32045, 38807, 43803, 5869233, 23233, 30378, 40063
5874395, 21204, 30076, 26617, 5874814, 32044, 38806, 43799, 5875233, 23231, 30375, 40069
5880396, 21206, 30071, 26620, 5880815, 32043, 38806, 43800, 5881234, 23233, 30376, 40063
5886395, 21206, 30074, 26617, 5886814, 32046, 38803, 43802, 5887233, 23232, 30380, 40069
5892396, 21204, 30071, 26618, 5892815, 32043, 38802, 43809, 5893234, 23231, 30372, 40068
5898404, 21204, 30072, 26616, 5898823, 32045, 38806, 43803, 5899242, 23234, 30378, 40065
5904395, 21203, 30071, 26617, 5904814, 32045, 38811, 43804, 5905233, 23233, 30375, 40065
5910394, 21202, 30075, 26620, 5910814, 32041, 38810, 43807, 5911233, 23229, 30381, 40065
5916395, 21204, 30075, 26612, 5916814, 32043, 38804, 43806, 5917233, 23230, 30376, 40069
5922395, 21205, 30077, 26613, 5922814, 32044, 38808, 43804, 5923233, 23232, 30380, 40063
5928394, 21201, 30075, 26612, 5928813, 32044, 38805, 43805, 5929232, 23231, 30378, 40067
5934395, 21203, 30076, 26622, 5934814, 32043, 38808, 43801, 5935233, 23233, 30376, 40071
5940394, 21202, 30075, 26616, 5940813, 32045, 38809, 43805, 5941232, 23231, 30376, 40069
5946394, 21203, 30072, 26619, 5946813, 32043, 38807, 43803, 5947232, 23233, 30378, 40065
5952394, 21205, 30073, 26612, 5952813, 32045, 38806, 43805, 5953232, 23233, 30376, 40068
5958395, 21206, 30070, 26608, 5958814, 32042, 38804, 43802, 5959233, 23229, 30381, 40068
5964394, 21204, 30070, 26613, 5964813, 32043, 38809, 43804, 5965232, 23230, 30379, 40065
5970394, 21205, 30075, 26614, 5970813, 32045, 38805, 43804, 5971232, 23233, 30378, 40065
5976394, 21203, 30073, 26615, 5976813, 32040, 38809, 43810, 5977232, 23229, 30381, 40068
5982393, 21206, 30071, 26616, 5982813, 32041, 38804, 43804, 5983232, 23232, 30377, 40063
5988394, 21205, 30074, 26613, 5988813, 32042, 38809, 43807, 5989232, 23229, 30374, 40069
5994394, 21202, 30075, 26615, 5994813, 32041, 38807, 43807, 5995233, 23232, 30375, 40064
6000394, 21205, 30072, 26617, 6000813, 32042, 38807, 43808, 6001233, 23233, 30381, 40068
6006394, 21205, 30076, 26616, 6006813, 32045, 38807, 43802, 6007232, 23233, 30379, 40067
6012394, 21202, 30074, 26618, 6012813, 32045, 38805, 43802, 6013232, 23234, 30377, 40070
6018393, 21207, 30074, 26617, 6018813, 32046, 38809, 43802, 6019232, 23233, 30377, 40067
6024393, 21205, 30071, 26615, 6024813, 32044, 38807, 43805, 6025232, 23231, 30380, 40067
6030392, 21205, 30071, 26617, 6030812, 32044, 38806, 43804, 6031231, 23232, 30376, 40070
6036393, 21205, 30073, 26622, 6036812, 32044, 38805, 43804, 6037231, 23233, 30379, 40072
6042393, 21203, 30074, 26618, 6042812, 32042, 38805, 43807, 6043231, 23230, 30377, 40071
6048393, 21204, 30074, 26617, 6048812, 32043, 38804, 43802, 6049231, 23231, 30381, 40063
6054392, 21204, 30077, 26619, 6054811, 32044, 38805, 43803, 6055230, 23229, 30382, 40070
6060393, 21199, 30072, 26613, 6060812, 32042, 38808, 43806, 6061231, 23230, 30381, 40072
6066393, 21203, 30073, 26619, 6066812, 32046, 38809, 43803, 6067231, 23232, 30378, 40069
6072392, 21204, 30075, 26617, 6072811, 32045, 38807, 43810, 6073230, 23232, 30380, 40068
6078392, 21203, 30074, 26614, 6078811, 32044, 38803, 43806, 6079230, 23231, 30376, 40069
6084392, 21204, 30074, 26616, 6084811, 32044, 38810, 43802, 6085230, 23234, 30379, 40068
6090392, 21205, 30073, 26612, 6090811, 32044, 38808, 43801, 6091230, 23233, 30379, 40069
6096391, 21204, 30071, 26617, 6096810, 32041, 38802, 43801, 6097229, 23232, 30374, 40069
6102392, 21207, 30072, 26611, 6102811, 32045, 38809, 43805, 6103229, 23234, 30375, 40070
6108392, 21205, 30068, 26617, 6108811, 32040, 38807, 43804, 6109229, 23230, 30378, 40066
6114391, 21206, 30072, 26616, 6114810, 32043, 38808, 43808, 6115229, 23231, 30376, 40067
6120392, 21206, 30071, 26615, 6120810, 32042, 38806, 43806, 6121229, 23229, 30380, 40064
6126391, 21203, 30070, 26617, 6126810, 32041, 38802, 43805, 6127228, 23228, 30382, 40067
6132391, 21205, 30074, 26615, 6132810, 32042, 38807, 43805, 6133229, 23231, 30380, 40067
6138392, 21206, 30076, 26616, 6138811, 32042, 38807, 43805, 6139230, 23230, 30375, 40068
6144392, 21203, 30074, 26620, 6144811, 32042, 38810, 43805, 6145230, 23228, 30380, 40069
6150392, 21208, 30073, 26616, 6150811, 32042, 38805, 43806, 6151230, 23232, 30379, 40067
6156392, 21205, 30072, 26617, 6156811, 32042, 38810, 43807, 6157230, 23231, 30376, 40063
6162391, 21206, 30073, 26607, 6162810, 32041, 38806, 43807, 6163229, 23230, 30379, 40067
6168391, 21205, 30071, 26615, 6168810, 32046, 38809, 43802, 6169229, 23232, 30376, 40067
6174391, 21204, 30071, 26617, 6174810, 32041, 38808, 43799, 6175229, 23231, 30379, 40069
6180391, 21204, 30073, 26619, 6180810, 32044, 38807, 43803, 6181230, 23231, 30374, 40069
6186391, 21205, 30072, 26616, 6186810, 32045, 38807, 43806, 6187229, 23233, 30380, 40073
6192391, 21204, 30069, 26613, 6192810, 32043, 38808, 43804, 6193229, 23232, 30375, 40068
6198390, 21202, 30071, 26618, 6198809, 32044, 38807, 43808, 6199228, 23233, 30374, 40069
6204391, 21202, 30078, 26617, 6204810, 32046, 38806, 43802, 6205229, 23230, 30378, 40072
6210390, 21200, 30074, 26621, 6210809, 32042, 38805, 43806, 6211228, 23229, 30377, 40070
6216390, 21203, 30072, 26615, 6216809, 32042, 38806, 43805, 6217228, 23233, 30378, 40068
6222390, 21202, 30077, 26616, 6222809, 32043, 38806, 43804, 6223228, 23231, 30377, 40064
6228390, 21204, 30070, 26611, 6228809, 32041, 38809, 43810, 6229228, 23232, 30379, 40068
6234389, 21204, 30077, 26615, 6234808, 32043, 38808, 43808, 6235227, 23234, 30378, 40066
6240390, 21205, 30074, 26619, 6240809, 32045, 38808, 43804, 6241228, 23232, 30380, 40069
6246390, 21205, 30074, 26618, 6246809, 32043, 38803, 43804, 6247228, 23231, 30378, 40067
6252389, 21208, 30069, 26618, 6252808, 32043, 38807, 43807, 6253227, 23234, 30377, 40067
6258389, 21204, 30072, 26614, 6258808, 32042, 38805, 43809, 6259227, 23232, 30380, 40064
6264389, 21206, 30071, 26613, 6264808, 32042, 38804, 43803, 6265227, 23232, 30379, 40066
6270390, 21205, 30074, 26611, 6270809, 32045, 38809, 43802, 6271228, 23232, 30377, 40067
6276390, 21202, 30072, 26618, 6276808, 32042, 38805, 43804, 6277227, 23229, 30382, 40074
6282390, 21205, 30072, 26612, 6282809, 32042, 38807, 43807, 6283228, 23231, 30378, 40069
6288390, 21204, 30070, 26613, 6288809, 32043, 38807, 43805, 6289228, 23232, 30376, 40067
6294388, 21201, 30072, 26614, 6294807, 32040, 38808, 43808, 6295226, 23230, 30382, 40069
6300389, 21206, 30076, 26613, 6300808, 32041, 38810, 43807, 6301227, 23234, 30378, 40064
6306388, 21202, 30073, 26612, 6306808, 32046, 38806, 43805, 6307227, 23233, 30378, 40072
6312389, 21204, 30073, 26617, 6312808, 32044, 38804, 43803, 6313227, 23231, 30375, 40068
6318389, 21203, 30076, 26617, 6318808, 32045, 38806, 43803, 6319227, 23232, 30378, 40069
6324389, 21206, 30074, 26617, 6324808, 32042, 38808, 43806, 6325227, 23233, 30378, 40064
6330389, 21207, 30072, 26613, 6330808, 32043, 38804, 43808, 6331227, 23233, 30374, 40069
6336389, 21206, 30073, 26615, 6336808, 32045, 38806, 43806, 6337227, 23231, 30380, 40066
6342389, 21204, 30074, 26609, 6342808, 32041, 38809, 43804, 6343227, 23228, 30379, 40064
6348388, 21206, 30072, 26611, 6348808, 32041, 38803, 43807, 6349227, 23232, 30376, 40069
6354389, 21205, 30075, 26615, 6354808, 32043, 38807, 43803, 6355228, 23231, 30384, 40069
6360388, 21201, 30071, 26614, 6360807, 32040, 38807, 43809, 6361226, 23228, 30382, 40069
6366388, 21203, 30069, 26611, 6366807, 32044, 38806, 43806, 6367226, 23232, 30380, 40068
6372388, 21204, 30073, 26609, 6372807, 32045, 38805, 43808, 6373226, 23231, 30378, 40069
6378388, 21202, 30072, 26613, 6378807, 32042, 38809, 43810, 6379226, 23229, 30378, 40070
6384388, 21207, 30074, 26612, 6384807, 32042, 38807, 43805, 6385226, 23233, 30377, 40067
6390387, 21205, 30075, 26613, 6390806, 32045, 38808, 43805, 6391225, 23234, 30375, 40068
6396388, 21202, 30074, 26614, 6396807, 32043, 38804, 43804, 6397226, 23229, 30378, 40067
6402388, 21205, 30077, 26615, 6402807, 32045, 38805, 43805, 6403226, 23234, 30377, 40070
6408388, 21203, 30076, 26612, 6408807, 32045, 38807, 43808, 6409226, 23233, 30376, 40066
6414388, 21201, 30074, 26619, 6414807, 32047, 38808, 43807, 6415226, 23235, 30377, 40071
6420387, 21203, 30074, 26614, 6420806, 32044, 38802, 43808, 6421226, 23235, 30380, 40067
6426386, 21203, 30073, 26616, 6426805, 32042, 38807, 43802, 6427225, 23232, 30377, 40067
6432386, 21206, 30073, 26621, 6432805, 32043, 38807, 43801, 6433224, 23230, 30378, 40070
6438387, 21208, 30075, 26620, 6438805, 32042, 38810, 43803, 6439224, 23231, 30379, 40071
6444387, 21205, 30076, 26619, 6444806, 32040, 38809, 43806, 6445224, 23228, 30377, 40067
6450387, 21206, 30071, 26613, 6450805, 32044, 38812, 43805, 6451224, 23234, 30380, 40069
6456386, 21205, 30072, 26621, 6456806, 32044, 38807, 43805, 6457225, 23233, 30378, 40069
6462386, 21204, 30078, 26625, 6462805, 32042, 38808, 43804, 6463225, 23230, 30374, 40071
6468387, 21205, 30074, 26620, 6468806, 32048, 38805, 43805, 6469225, 23231, 30379, 40075
6474387, 21204, 30075, 26619, 6474806, 32044, 38809, 43806, 6475224, 23229, 30375, 40072
6480387, 21206, 30070, 26617, 6480806, 32043, 38803, 43802, 6481225, 23230, 30377, 40069
6486386, 21206, 30069, 26613, 6486805, 32043, 38809, 43802, 6487225, 23230, 30379, 40067
6492386, 21206, 30073, 26613, 6492805, 32042, 38805, 43805, 6493225, 23230, 30377, 40064
6498386, 21204, 30072, 26612, 6498805, 32044, 38806, 43804, 6499224, 23231, 30378, 40066
6504385, 21205, 30074, 26614, 6504805, 32043, 38810, 43805, 6505224, 23233, 30377, 40067
6510386, 21203, 30073, 26613, 6510805, 32042, 38811, 43805, 6511224, 23230, 30377, 40067
6516386, 21207, 30074, 26610, 6516804, 32041, 38806, 43810, 6517223, 23230, 30381, 40061
6522386, 21208, 30068, 26611, 6522804, 32042, 38805, 43811, 6523223, 23232, 30383, 40057
