Peak-to-peak data (uT)
+----+------------------------+------------------------+------------------------+
|    |        Sensor 1        |        Sensor 2        |        Sensor 3        |
|----+------------------------+------------------------+------------------------|
|  1 | [0.610, 1.147, 1.196,] | [0.659, 1.074, 1.538,] | [0.610, 1.001, 1.733,] |
|  2 | [0.635, 1.270, 1.587,] | [0.635, 1.343, 1.636,] | [0.562, 1.807, 1.709,] |
|  3 | [0.513, 1.367, 1.611,] | [0.537, 0.879, 1.440,] | [0.513, 1.294, 1.074,] |
|  4 | [0.000, 0.000, 0.000,] | [0.488, 1.074, 1.660,] | [0.464, 1.367, 1.953,] |
|  5 | [0.610, 1.074, 1.611,] | [0.586, 0.903, 1.782,] | [0.562, 0.928, 1.685,] |
|  6 | [0.537, 1.025, 1.611,] | [0.488, 1.172, 1.685,] | [0.586, 1.611, 1.685,] |
|  7 | [0.659, 0.879, 1.514,] | [0.513, 1.001, 1.709,] | [0.488, 1.538, 1.733,] |
|  8 | [0.610, 1.392, 1.416,] | [0.439, 0.732, 1.538,] | [0.464, 1.318, 1.709,] |
|  9 | [0.537, 1.221, 2.002,] | [0.513, 0.977, 1.465,] | [0.513, 0.732, 1.636,] |
| 10 | [0.610, 1.147, 1.685,] | [0.464, 1.367, 1.782,] | [0.562, 1.392, 1.782,] |
| 11 | [0.464, 1.050, 2.051,] | [0.488, 0.928, 1.733,] | [0.391, 1.025, 1.831,] |
| 12 | [0.439, 1.001, 1.563,] | [0.439, 1.245, 1.587,] | [0.439, 0.708, 1.562,] |
| 13 | [0.586, 0.952, 1.465,] | [0.464, 1.196, 1.611,] | [0.464, 0.781, 1.392,] |
| 14 | [0.562, 1.123, 1.440,] | [0.488, 1.196, 1.636,] | [0.537, 1.050, 1.416,] |
| 15 | [0.464, 1.001, 1.587,] | [0.464, 1.172, 1.782,] | [0.488, 1.050, 1.807,] |
| 16 | [0.415, 1.099, 1.392,] | [0.513, 0.977, 1.660,] | [0.464, 0.952, 1.587,] |
| 17 | [0.415, 0.903, 1.733,] | [0.439, 0.928, 1.538,] | [0.513, 0.879, 1.563,] |
| 18 | [0.391, 1.147, 1.050,] | [0.537, 0.732, 1.660,] | [0.586, 1.245, 1.733,] |
| 19 | [0.415, 0.806, 1.392,] | [0.391, 1.172, 1.465,] | [0.464, 0.928, 2.148,] |
| 20 | [0.439, 0.903, 2.075,] | [0.513, 0.952, 1.416,] | [0.366, 0.684, 1.831,] |
| 21 | [0.488, 1.563, 1.367,] | [0.537, 1.685, 1.685,] | [0.464, 0.732, 1.538,] |
| 22 | [0.586, 1.343, 1.318,] | [0.537, 0.781, 1.465,] | [0.439, 0.830, 1.709,] |
| 23 | [0.513, 1.172, 1.807,] | [0.415, 0.977, 1.123,] | [0.391, 1.001, 1.367,] |
| 24 | [0.391, 0.977, 1.758,] | [0.391, 0.952, 1.245,] | [0.439, 0.854, 1.685,] |
+----+------------------------+------------------------+------------------------+
RMS data (estimate) (nT)
+----+-----------------------------+-----------------------------+-----------------------------+
|    |          Sensor 1           |          Sensor 2           |          Sensor 3           |
|----+-----------------------------+-----------------------------+-----------------------------|
|  1 | [92.478, 173.858, 181.256,] | [99.876, 162.760, 233.043,] | [92.478, 151.663, 262.636,] |
|  2 | [96.177, 192.353, 240.442,] | [96.177, 203.451, 247.840,] | [85.079, 273.733, 258.937,] |
|  3 | [77.681, 207.150, 244.141,] | [81.380, 133.168, 218.247,] | [77.681, 196.052, 162.760,] |
|  4 |   [0.000, 0.000, 0.000,]    | [73.982, 162.760, 251.539,] | [70.283, 207.150, 295.928,] |
|  5 | [92.478, 162.760, 244.141,] | [88.778, 136.867, 270.034,] | [85.079, 140.566, 255.238,] |
|  6 | [81.380, 155.362, 244.141,] | [73.982, 177.557, 255.238,] | [88.778, 244.141, 255.238,] |
|  7 | [99.876, 133.168, 229.344,] | [77.681, 151.663, 258.937,] | [73.982, 233.043, 262.636,] |
|  8 | [92.478, 210.849, 214.548,] | [66.584, 110.973, 233.043,] | [70.283, 199.751, 258.937,] |
|  9 | [81.380, 184.955, 303.326,] | [77.681, 147.964, 221.946,] | [77.681, 110.973, 247.840,] |
| 10 | [92.478, 173.858, 255.238,] | [70.283, 207.150, 270.034,] | [85.079, 210.849, 270.034,] |
| 11 | [70.283, 159.061, 310.724,] | [73.982, 140.566, 262.636,] | [59.186, 155.362, 277.433,] |
| 12 | [66.584, 151.663, 236.742,] | [66.584, 188.654, 240.442,] | [66.584, 107.274, 236.742,] |
| 13 | [88.778, 144.265, 221.946,] | [70.283, 181.256, 244.141,] | [70.283, 118.371, 210.849,] |
| 14 | [85.079, 170.159, 218.247,] | [73.982, 181.256, 247.840,] | [81.380, 159.061, 214.548,] |
| 15 | [70.283, 151.663, 240.442,] | [70.283, 177.557, 270.034,] | [73.982, 159.061, 273.733,] |
| 16 | [62.885, 166.460, 210.849,] | [77.681, 147.964, 251.539,] | [70.283, 144.265, 240.442,] |
| 17 | [62.885, 136.867, 262.636,] | [66.584, 140.566, 233.043,] | [77.681, 133.168, 236.742,] |
| 18 | [59.186, 173.858, 159.061,] | [81.380, 110.973, 251.539,] | [88.778, 188.654, 262.636,] |
| 19 | [62.885, 122.070, 210.849,] | [59.186, 177.557, 221.946,] | [70.283, 140.566, 325.521,] |
| 20 | [66.584, 136.867, 314.424,] | [77.681, 144.265, 214.548,] | [55.487, 103.575, 277.433,] |
| 21 | [73.982, 236.742, 207.150,] | [81.380, 255.238, 255.238,] | [70.283, 110.973, 233.043,] |
| 22 | [88.778, 203.451, 199.751,] | [81.380, 118.371, 221.946,] | [66.584, 125.769, 258.937,] |
| 23 | [77.681, 177.557, 273.733,] | [62.885, 147.964, 170.159,] | [59.186, 151.663, 207.150,] |
| 24 | [59.186, 147.964, 266.335,] | [59.186, 144.265, 188.654,] | [66.584, 129.469, 255.238,] |
+----+-----------------------------+-----------------------------+-----------------------------+
SNR data (untested) (dB)
+----+------------------------+------------------------+------------------------+
|    |        Sensor 1        |        Sensor 2        |        Sensor 3        |
|----+------------------------+------------------------+------------------------|
|  1 | [1.992, 1.952, 1.993,] | [1.434, 2.086, 2.119,] | [1.852, 1.842, 1.961,] |
|  2 | [2.120, 1.712, 1.920,] | [1.983, 2.007, 2.046,] | [2.210, 1.520, 1.803,] |
|  3 | [2.143, 1.830, 2.094,] | [2.057, 2.364, 1.846,] | [2.136, 1.711, 2.082,] |
|  4 |  [-inf, -inf, -inf,]   | [2.051, 2.148, 2.033,] | [2.204, 1.817, 1.890,] |
|  5 | [2.081, 1.156, 2.122,] | [1.958, 1.996, 1.889,] | [1.997, 2.049, 1.904,] |
|  6 | [2.202, 2.044, 2.047,] | [2.000, 2.108, 2.063,] | [2.082, 1.499, 2.117,] |
|  7 | [2.259, 1.978, 1.882,] | [1.989, 2.139, 1.963,] | [2.177, 1.625, 2.047,] |
|  8 | [2.262, 1.827, 2.181,] | [1.908, 2.387, 1.938,] | [2.169, 1.332, 1.958,] |
|  9 | [2.259, 1.991, 1.793,] | [1.960, 2.386, 1.975,] | [2.148, 2.152, 2.085,] |
| 10 | [2.242, 2.197, 2.133,] | [1.942, 1.790, 2.067,] | [1.899, 1.695, 1.788,] |
| 11 | [2.318, 2.061, 2.018,] | [2.068, 2.192, 2.212,] | [2.106, 2.091, 1.943,] |
| 12 | [2.293, 1.716, 2.127,] | [2.325, 1.988, 2.053,] | [2.307, 1.936, 2.140,] |
| 13 | [2.289, 1.912, 2.329,] | [2.165, 1.922, 2.090,] | [2.200, 2.134, 2.133,] |
| 14 | [2.253, 1.949, 1.967,] | [2.123, 2.048, 2.051,] | [2.242, 1.852, 1.993,] |
| 15 | [2.274, 1.860, 2.178,] | [2.011, 2.027, 2.060,] | [2.335, 1.876, 2.034,] |
| 16 | [2.454, 1.799, 1.982,] | [2.178, 2.206, 2.120,] | [2.326, 1.422, 2.151,] |
| 17 | [2.387, 2.021, 2.200,] | [1.829, 2.227, 2.290,] | [2.173, 1.860, 2.114,] |
| 18 | [2.463, 1.604, 2.250,] | [2.124, 2.248, 2.085,] | [2.396, 1.774, 2.094,] |
| 19 | [2.558, 2.159, 2.254,] | [2.364, 2.227, 2.199,] | [2.282, 1.927, 2.037,] |
| 20 | [2.517, 1.767, 2.123,] | [1.804, 1.974, 2.266,] | [2.475, 1.789, 2.108,] |
| 21 | [2.334, 1.808, 2.249,] | [2.092, 2.073, 2.028,] | [2.299, 1.759, 2.152,] |
| 22 | [2.430, 1.833, 2.196,] | [2.171, 2.243, 2.167,] | [2.263, 2.012, 2.197,] |
| 23 | [2.402, 1.616, 2.072,] | [1.918, 2.079, 2.222,] | [2.309, 1.907, 2.171,] |
| 24 | [2.486, 1.444, 2.226,] | [2.167, 2.166, 2.306,] | [2.382, 1.923, 1.985,] |
+----+------------------------+------------------------+------------------------+