Peak-to-peak data (uT)
+----+------------------------+------------------------+------------------------+
|    |        Sensor 1        |        Sensor 2        |        Sensor 3        |
|----+------------------------+------------------------+------------------------|
|  1 | [0.537, 1.245, 1.440,] | [0.513, 1.196, 1.221,] | [0.513, 0.830, 0.757,] |
|  2 | [0.513, 1.343, 0.854,] | [0.513, 1.245, 1.001,] | [0.562, 1.221, 1.074,] |
|  3 | [0.537, 1.147, 0.952,] | [0.488, 1.416, 0.781,] | [0.537, 1.172, 1.099,] |
|  4 | [0.537, 1.050, 0.610,] | [0.586, 1.196, 0.610,] | [0.415, 1.611, 1.196,] |
|  5 | [0.464, 1.416, 0.806,] | [0.415, 1.196, 0.635,] | [0.513, 1.025, 1.196,] |
|  6 | [0.439, 1.318, 0.928,] | [0.415, 1.074, 0.830,] | [0.513, 1.245, 0.635,] |
|  7 | [0.586, 1.147, 0.610,] | [0.537, 1.074, 0.977,] | [0.586, 1.758, 0.806,] |
|  8 | [0.464, 1.611, 1.025,] | [0.464, 2.002, 0.684,] | [0.488, 1.147, 0.757,] |
|  9 | [0.513, 1.758, 0.830,] | [0.464, 1.440, 0.952,] | [0.488, 1.025, 0.879,] |
| 10 | [0.439, 1.636, 0.513,] | [0.537, 1.172, 0.977,] | [0.488, 1.196, 1.025,] |
| 11 | [0.439, 1.367, 0.781,] | [0.415, 1.440, 0.806,] | [0.439, 1.489, 0.757,] |
| 12 | [0.464, 1.050, 0.977,] | [0.464, 0.977, 0.464,] | [0.415, 1.270, 1.196,] |
| 13 | [0.586, 1.489, 0.757,] | [0.464, 1.099, 0.830,] | [0.537, 1.367, 0.513,] |
| 14 | [0.586, 1.367, 1.050,] | [0.513, 1.172, 0.903,] | [0.439, 1.416, 0.659,] |
| 15 | [0.415, 1.221, 0.757,] | [0.415, 1.245, 1.147,] | [0.488, 2.002, 0.562,] |
| 16 | [0.415, 1.318, 1.562,] | [0.415, 1.221, 1.367,] | [0.415, 1.099, 0.806,] |
| 17 | [0.439, 1.294, 0.415,] | [0.537, 1.416, 0.659,] | [0.464, 1.587, 0.464,] |
| 18 | [0.781, 1.318, 0.854,] | [0.488, 1.416, 0.659,] | [0.464, 0.952, 1.123,] |
| 19 | [0.439, 1.758, 0.879,] | [0.488, 1.123, 0.586,] | [0.439, 1.367, 0.806,] |
| 20 | [0.464, 1.318, 1.660,] | [0.439, 1.440, 0.757,] | [0.464, 1.221, 1.099,] |
| 21 | [0.537, 1.074, 1.294,] | [0.464, 1.270, 1.099,] | [0.488, 1.636, 0.562,] |
| 22 | [0.439, 1.367, 0.806,] | [0.391, 1.172, 0.806,] | [0.415, 0.708, 0.977,] |
| 23 | [0.562, 1.074, 0.879,] | [0.415, 1.099, 1.245,] | [0.488, 1.318, 0.757,] |
| 24 | [0.562, 1.343, 0.708,] | [0.537, 1.074, 0.757,] | [0.464, 1.074, 0.903,] |
+----+------------------------+------------------------+------------------------+
RMS data (estimate) (nT)
+----+------------------------------+-----------------------------+-----------------------------+
|    |           Sensor 1           |          Sensor 2           |          Sensor 3           |
|----+------------------------------+-----------------------------+-----------------------------|
|  1 | [81.380, 188.654, 218.247,]  | [77.681, 181.256, 184.955,] | [77.681, 125.769, 114.672,] |
|  2 | [77.681, 203.451, 129.469,]  | [77.681, 188.654, 151.663,] | [85.079, 184.955, 162.760,] |
|  3 | [81.380, 173.858, 144.265,]  | [73.982, 214.548, 118.371,] | [81.380, 177.557, 166.460,] |
|  4 |  [81.380, 159.061, 92.478,]  | [88.778, 181.256, 92.478,]  | [62.885, 244.141, 181.256,] |
|  5 | [70.283, 214.548, 122.070,]  | [62.885, 181.256, 96.177,]  | [77.681, 155.362, 181.256,] |
|  6 | [66.584, 199.751, 140.566,]  | [62.885, 162.760, 125.769,] | [77.681, 188.654, 96.177,]  |
|  7 |  [88.778, 173.858, 92.478,]  | [81.380, 162.760, 147.964,] | [88.778, 266.335, 122.070,] |
|  8 | [70.283, 244.141, 155.362,]  | [70.283, 303.326, 103.575,] | [73.982, 173.858, 114.672,] |
|  9 | [77.681, 266.335, 125.769,]  | [70.283, 218.247, 144.265,] | [73.982, 155.362, 133.168,] |
| 10 |  [66.584, 247.840, 77.681,]  | [81.380, 177.557, 147.964,] | [73.982, 181.256, 155.362,] |
| 11 | [66.584, 207.150, 118.371,]  | [62.885, 218.247, 122.070,] | [66.584, 225.645, 114.672,] |
| 12 | [70.283, 159.061, 147.964,]  | [70.283, 147.964, 70.283,]  | [62.885, 192.353, 181.256,] |
| 13 | [88.778, 225.645, 114.672,]  | [70.283, 166.460, 125.769,] | [81.380, 207.150, 77.681,]  |
| 14 | [88.778, 207.150, 159.061,]  | [77.681, 177.557, 136.867,] | [66.584, 214.548, 99.876,]  |
| 15 | [62.885, 184.955, 114.672,]  | [62.885, 188.654, 173.858,] | [73.982, 303.326, 85.079,]  |
| 16 | [62.885, 199.751, 236.742,]  | [62.885, 184.955, 207.150,] | [62.885, 166.460, 122.070,] |
| 17 |  [66.584, 196.052, 62.885,]  | [81.380, 214.548, 99.876,]  | [70.283, 240.442, 70.283,]  |
| 18 | [118.371, 199.751, 129.469,] | [73.982, 214.548, 99.876,]  | [70.283, 144.265, 170.159,] |
| 19 | [66.584, 266.335, 133.168,]  | [73.982, 170.159, 88.778,]  | [66.584, 207.150, 122.070,] |
| 20 | [70.283, 199.751, 251.539,]  | [66.584, 218.247, 114.672,] | [70.283, 184.955, 166.460,] |
| 21 | [81.380, 162.760, 196.052,]  | [70.283, 192.353, 166.460,] | [73.982, 247.840, 85.079,]  |
| 22 | [66.584, 207.150, 122.070,]  | [59.186, 177.557, 122.070,] | [62.885, 107.274, 147.964,] |
| 23 | [85.079, 162.760, 133.168,]  | [62.885, 166.460, 188.654,] | [73.982, 199.751, 114.672,] |
| 24 | [85.079, 203.451, 107.274,]  | [81.380, 162.760, 114.672,] | [70.283, 162.760, 136.867,] |
+----+------------------------------+-----------------------------+-----------------------------+
SNR data (untested) (dB)
+----+-------------------------+------------------------+------------------------+
|    |        Sensor 1         |        Sensor 2        |        Sensor 3        |
|----+-------------------------+------------------------+------------------------|
|  1 | [2.150, 1.951, 2.301,]  | [2.346, 2.027, 2.348,] | [2.159, 2.227, 2.373,] |
|  2 | [2.244, 1.578, 2.434,]  | [2.349, 1.983, 2.490,] | [2.290, 1.910, 2.260,] |
|  3 | [2.144, 1.746, 2.312,]  | [2.245, 1.709, 2.566,] | [2.261, 2.063, 2.322,] |
|  4 | [2.475, 1.309, 2.605,]  | [2.358, 1.781, 2.630,] | [2.491, 1.076, 2.523,] |
|  5 | [2.553, -0.206, 2.514,] | [2.590, 1.730, 2.654,] | [2.582, 1.553, 2.447,] |
|  6 | [2.641, 2.041, 2.595,]  | [2.712, 1.769, 2.797,] | [2.661, 0.629, 2.752,] |
|  7 | [2.223, 2.111, 2.451,]  | [2.310, 1.567, 2.427,] | [1.728, 0.705, 2.411,] |
|  8 | [1.860, 2.041, 2.417,]  | [2.448, 1.524, 2.554,] | [2.102, 1.420, 2.493,] |
|  9 | [2.077, 2.084, 2.369,]  | [2.509, 1.319, 2.359,] | [1.801, 1.409, 2.358,] |
| 10 | [2.328, 1.931, 2.520,]  | [2.540, 1.580, 2.401,] | [1.654, 1.299, 2.460,] |
| 11 | [2.287, 1.943, 2.583,]  | [2.672, 1.471, 2.471,] | [2.129, 2.266, 2.522,] |
| 12 | [2.553, -0.184, 2.506,] | [2.634, 1.756, 2.793,] | [2.336, 2.300, 2.416,] |
| 13 | [1.851, 1.798, 2.355,]  | [2.563, 2.001, 2.467,] | [1.823, 1.688, 2.391,] |
| 14 | [1.695, 2.004, 2.355,]  | [2.399, 1.333, 2.595,] | [1.512, 1.654, 2.413,] |
| 15 | [2.014, 2.063, 2.437,]  | [2.515, 1.623, 2.466,] | [1.783, 0.750, 2.584,] |
| 16 | [2.010, 1.923, 2.253,]  | [2.593, 1.458, 2.454,] | [2.340, 1.801, 2.602,] |
| 17 | [2.108, 1.297, 2.715,]  | [2.364, 2.090, 2.637,] | [1.449, 2.029, 2.431,] |
| 18 | [2.156, 1.999, 2.278,]  | [2.698, 2.274, 2.571,] | [2.213, 2.062, 2.368,] |
| 19 | [1.528, 2.052, 2.547,]  | [2.420, 1.726, 2.553,] | [1.428, 1.568, 2.493,] |
| 20 | [1.960, 2.280, 2.026,]  | [2.478, 1.864, 2.519,] | [1.466, 1.861, 2.411,] |
| 21 | [1.846, 2.235, 2.323,]  | [2.475, 2.032, 2.236,] | [0.906, 1.790, 2.575,] |
| 22 | [1.616, 1.670, 2.438,]  | [2.459, 1.457, 2.642,] | [1.679, 1.641, 2.323,] |
| 23 | [1.676, 2.059, 2.524,]  | [2.525, 1.293, 2.451,] | [1.905, 1.767, 2.623,] |
| 24 | [1.911, 1.594, 2.525,]  | [2.442, 2.293, 2.474,] | [2.012, 2.185, 2.577,] |
+----+-------------------------+------------------------+------------------------+