Peak-to-peak data (uT)
+----+------------------------+-------------------------+------------------------+
|    |        Sensor 1        |        Sensor 2         |        Sensor 3        |
|----+------------------------+-------------------------+------------------------|
|  1 | [0.977, 1.416, 1.343,] | [0.928, 1.172, 1.489,]  | [0.952, 1.294, 1.074,] |
|  2 | [0.928, 1.001, 1.294,] | [0.903, 1.221, 1.440,]  | [0.928, 1.733, 1.538,] |
|  3 | [0.879, 1.001, 1.392,] | [1.001, 1.416, 1.587,]  | [0.952, 1.025, 1.465,] |
|  4 | [1.050, 0.879, 1.416,] | [1.074, 0.854, 1.294,]  | [0.977, 0.879, 1.855,] |
|  5 | [0.879, 0.977, 1.074,] | [0.854, 1.196, 1.563,]  | [0.854, 1.001, 1.270,] |
|  6 | [0.879, 1.099, 0.537,] | [0.830, 1.440, 1.318,]  | [0.952, 1.099, 1.099,] |
|  7 | [0.903, 0.757, 1.636,] | [0.928, 0.586, 1.074,]  | [0.952, 0.684, 1.196,] |
|  8 | [1.025, 0.684, 1.147,] | [1.025, 0.830, 1.660,]  | [0.977, 0.806, 1.367,] |
|  9 | [0.708, 1.050, 1.050,] | [0.732, 1.074, 0.928,]  | [0.781, 0.757, 1.514,] |
| 10 | [0.830, 1.367, 1.050,] | [0.757, 0.781, 1.416,]  | [0.806, 0.928, 1.392,] |
| 11 | [0.830, 0.708, 1.343,] | [0.854, 0.610, 0.903,]  | [0.854, 0.513, 1.245,] |
| 12 | [0.952, 0.757, 1.245,] | [0.879, 0.586, 1.294,]  | [0.854, 0.903, 1.318,] |
| 13 | [0.635, 0.830, 1.343,] | [0.659, 0.610, 0.952,]  | [0.659, 0.757, 1.245,] |
| 14 | [0.732, 0.977, 1.147,] | [0.708, 1.099, 1.123,]  | [0.757, 1.221, 0.708,] |
| 15 | [0.830, 0.684, 1.343,] | [0.830, 0.806, 1.050,]  | [0.757, 0.806, 1.343,] |
| 16 | [0.806, 1.025, 0.903,] | [0.806, 0.635, 1.196,]  | [0.879, 0.610, 1.221,] |
| 17 | [0.513, 1.196, 1.099,] | [0.513, 0.781, 1.196,]  | [0.488, 0.659, 1.245,] |
| 18 | [0.073, 0.073, 0.073,] | [0.073, 3.198, 21.948,] | [0.073, 0.073, 3.198,] |
| 19 | [0.537, 0.537, 0.928,] | [0.537, 0.464, 1.367,]  | [0.586, 0.781, 1.392,] |
| 20 | [0.586, 0.684, 1.343,] | [0.562, 0.708, 1.270,]  | [0.610, 0.757, 1.001,] |
| 21 | [0.562, 0.562, 1.782,] | [0.586, 0.659, 1.367,]  | [0.610, 0.659, 1.343,] |
| 22 | [0.757, 0.684, 1.099,] | [0.635, 0.562, 1.294,]  | [0.659, 0.488, 0.952,] |
| 23 | [0.635, 0.635, 1.123,] | [0.830, 0.928, 1.123,]  | [0.879, 0.513, 1.099,] |
| 24 | [0.659, 0.903, 1.392,] | [0.659, 0.586, 1.074,]  | [0.708, 0.659, 1.294,] |
+----+------------------------+-------------------------+------------------------+
RMS data (estimate) (nT)
+----+------------------------------+------------------------------+------------------------------+
|    |           Sensor 1           |           Sensor 2           |           Sensor 3           |
|----+------------------------------+------------------------------+------------------------------|
|  1 | [147.964, 214.548, 203.451,] | [140.566, 177.557, 225.645,] | [144.265, 196.052, 162.760,] |
|  2 | [140.566, 151.663, 196.052,] | [136.867, 184.955, 218.247,] | [140.566, 262.636, 233.043,] |
|  3 | [133.168, 151.663, 210.849,] | [151.663, 214.548, 240.442,] | [144.265, 155.362, 221.946,] |
|  4 | [159.061, 133.168, 214.548,] | [162.760, 129.469, 196.052,] | [147.964, 133.168, 281.132,] |
|  5 | [133.168, 147.964, 162.760,] | [129.469, 181.256, 236.742,] | [129.469, 151.663, 192.353,] |
|  6 | [133.168, 166.460, 81.380,]  | [125.769, 218.247, 199.751,] | [144.265, 166.460, 166.460,] |
|  7 | [136.867, 114.672, 247.840,] | [140.566, 88.778, 162.760,]  | [144.265, 103.575, 181.256,] |
|  8 | [155.362, 103.575, 173.858,] | [155.362, 125.769, 251.539,] | [147.964, 122.070, 207.150,] |
|  9 | [107.274, 159.061, 159.061,] | [110.973, 162.760, 140.566,] | [118.371, 114.672, 229.344,] |
| 10 | [125.769, 207.150, 159.061,] | [114.672, 118.371, 214.548,] | [122.070, 140.566, 210.849,] |
| 11 | [125.769, 107.274, 203.451,] | [129.469, 92.478, 136.867,]  | [129.469, 77.681, 188.654,]  |
| 12 | [144.265, 114.672, 188.654,] | [133.168, 88.778, 196.052,]  | [129.469, 136.867, 199.751,] |
| 13 | [96.177, 125.769, 203.451,]  |  [99.876, 92.478, 144.265,]  | [99.876, 114.672, 188.654,]  |
| 14 | [110.973, 147.964, 173.858,] | [107.274, 166.460, 170.159,] | [114.672, 184.955, 107.274,] |
| 15 | [125.769, 103.575, 203.451,] | [125.769, 122.070, 159.061,] | [114.672, 122.070, 203.451,] |
| 16 | [122.070, 155.362, 136.867,] | [122.070, 96.177, 181.256,]  | [133.168, 92.478, 184.955,]  |
| 17 | [77.681, 181.256, 166.460,]  | [77.681, 118.371, 181.256,]  |  [73.982, 99.876, 188.654,]  |
| 18 |  [11.097, 11.097, 11.097,]   | [11.097, 484.582, 3325.491,] |  [11.097, 11.097, 484.582,]  |
| 19 |  [81.380, 81.380, 140.566,]  |  [81.380, 70.283, 207.150,]  | [88.778, 118.371, 210.849,]  |
| 20 | [88.778, 103.575, 203.451,]  | [85.079, 107.274, 192.353,]  | [92.478, 114.672, 151.663,]  |
| 21 |  [85.079, 85.079, 270.034,]  |  [88.778, 99.876, 207.150,]  |  [92.478, 99.876, 203.451,]  |
| 22 | [114.672, 103.575, 166.460,] |  [96.177, 85.079, 196.052,]  |  [99.876, 73.982, 144.265,]  |
| 23 |  [96.177, 96.177, 170.159,]  | [125.769, 140.566, 170.159,] | [133.168, 77.681, 166.460,]  |
| 24 | [99.876, 136.867, 210.849,]  |  [99.876, 88.778, 162.760,]  | [107.274, 99.876, 196.052,]  |
+----+------------------------------+------------------------------+------------------------------+
SNR data (untested) (dB)
+----+------------------------+-------------------------+------------------------+
|    |        Sensor 1        |        Sensor 2         |        Sensor 3        |
|----+------------------------+-------------------------+------------------------|
|  1 | [2.092, 1.733, 1.938,] | [1.960, 1.955, 2.045,]  | [2.018, 0.657, 2.096,] |
|  2 | [1.868, 1.415, 2.040,] | [1.631, 1.681, 2.001,]  | [1.876, 1.592, 2.055,] |
|  3 | [1.668, 1.341, 1.950,] | [1.428, 1.100, 1.921,]  | [1.407, 1.252, 2.092,] |
|  4 | [1.361, 1.301, 2.010,] | [0.584, 0.345, 2.054,]  | [1.669, 1.707, 1.949,] |
|  5 | [1.796, 1.087, 2.302,] | [1.748, 1.275, 2.120,]  | [1.969, 1.436, 2.112,] |
|  6 | [1.889, 1.326, 2.385,] | [1.810, 0.584, 1.875,]  | [1.812, 0.726, 2.183,] |
|  7 | [1.571, 1.067, 2.153,] | [1.735, 1.601, 2.309,]  | [1.507, 1.373, 2.153,] |
|  8 | [1.771, 1.413, 2.173,] | [1.712, 2.140, 2.059,]  | [1.301, 1.356, 2.183,] |
|  9 | [1.906, 1.506, 2.234,] | [1.847, 1.432, 2.372,]  | [1.795, 2.239, 2.123,] |
| 10 | [1.651, 1.143, 2.214,] | [1.860, 0.686, 2.174,]  | [1.525, 1.584, 2.223,] |
| 11 | [1.814, 2.141, 2.118,] | [1.649, 2.207, 2.231,]  | [1.447, 1.379, 2.175,] |
| 12 | [1.034, 1.340, 2.078,] | [1.766, 2.096, 2.135,]  | [1.687, 1.751, 2.238,] |
| 13 | [1.891, 1.697, 2.175,] | [2.140, 1.396, 2.215,]  | [1.795, 1.679, 2.190,] |
| 14 | [1.801, 1.225, 2.270,] | [1.861, 0.974, 2.393,]  | [1.987, 0.463, 2.515,] |
| 15 | [1.745, 2.025, 2.174,] | [1.548, 2.037, 2.371,]  | [1.526, 1.016, 2.165,] |
| 16 | [1.701, 1.699, 2.334,] | [1.857, 1.901, 2.304,]  | [1.382, 1.460, 2.295,] |
| 17 | [1.418, 1.715, 2.295,] | [2.041, 2.147, 2.324,]  | [1.693, 1.275, 2.259,] |
| 18 | [4.454, 2.066, 0.151,] | [4.443, 2.875, -0.061,] | [4.453, 4.441, 1.334,] |
| 19 | [1.379, 1.890, 2.368,] | [1.802, 2.379, 2.190,]  | [1.778, 1.123, 2.255,] |
| 20 | [1.795, 1.506, 2.330,] | [2.066, 0.771, 2.291,]  | [1.619, 1.471, 2.388,] |
| 21 | [1.762, 2.186, 2.077,] | [2.074, -0.434, 2.162,] | [1.883, 2.013, 2.287,] |
| 22 | [1.632, 1.700, 2.170,] | [1.892, 2.179, 2.210,]  | [1.822, 0.735, 2.377,] |
| 23 | [1.795, 1.309, 2.385,] | [1.995, 2.030, 2.219,]  | [1.778, 1.916, 2.287,] |
| 24 | [1.547, 1.325, 2.258,] | [1.731, 2.003, 2.274,]  | [1.320, 1.637, 2.201,] |
+----+------------------------+-------------------------+------------------------+